4130
7
1388544226.742695
1388544226.762328
1388544226.771200
1388544226.774450
1388544226.778648
1388544226.782789
1388544226.785589
1388544226.788455
1388544226.791144
1388544226.793836
1388544226.796226
1388544226.798470
1388544226.801269
1388544226.804164
1388544226.809744
1388544226.812990
1388544226.818060
1388544226.820915
1388544226.823708
1388544226.826300
1388544226.828671
1388544226.831492
1388544226.834154
1388544226.839396
1388544226.842931
1388544226.847332
1388544226.849761
1388544226.852546
1388544226.854899
1388544226.857706
1388544226.860457
1388544226.863354
1388544226.866163
1388544226.869595
1388544226.873310
1388544226.877637
1388544226.880517
1388544226.883335
1388544226.885788
1388544226.888532
1388544226.891337
1388544226.894309
1388544226.897947
1388544226.901425
1388544226.905393
1388544226.909136
1388544226.912012
1388544226.914408
1388544226.917362
1388544226.920085
1388544226.922782
1388544226.925819
1388544226.930698
1388544226.934378
1388544226.938798
1388544226.941835
1388544226.944795
1388544226.947507
1388544226.950325
1388544226.953089
1388544226.955800
1388544226.958777
1388544226.962503
1388544226.966149
1388544226.970362
1388544226.973342
1388544226.976468
1388544226.979265
1388544226.981971
1388544226.984687
1388544226.987381
1388544226.990814
1388544226.994419
1388544226.998890
1388544227.002328
1388544227.005038
1388544227.007813
1388544227.011111
1388544227.013829
1388544227.016420
1388544227.019791
1388544227.023517
1388544227.026085
1388544227.030692
1388544227.033253
1388544227.035624
1388544227.037698
1388544227.040053
1388544227.042503
1388544227.044910
1388544227.047371
1388544227.050631
1388544227.055557
1388544227.060093
1388544227.062566
1388544227.064958
1388544227.067327
1388544227.069718
1388544227.072123
1388544227.074180
1388544227.076582
1388544227.078970
1388544227.083401
1388544227.086177
1388544227.090111
1388544227.093872
1388544227.096423
1388544227.098842
1388544227.101420
1388544227.103830
1388544227.106179
1388544227.108973
1388544227.111417
1388544227.115258
1388544227.117900
1388544227.123261
1388544227.125857
1388544227.128481
1388544227.130804
1388544227.132846
1388544227.135152
1388544227.137469
1388544227.140010
1388544227.142580
1388544227.145936
1388544227.149491
1388544227.154178
1388544227.156385
1388544227.159148
1388544227.161723
1388544227.164106
1388544227.166469
1388544227.168861
1388544227.171347
1388544227.175745
1388544227.179712
1388544227.183601
1388544227.186026
1388544227.188142
1388544227.190661
1388544227.193400
1388544227.195770
1388544227.197855
1388544227.200328
1388544227.202416
1388544227.206329
1388544227.210281
1388544227.213789
1388544227.216192
1388544227.218625
1388544227.220622
1388544227.223123
1388544227.225472
1388544227.227515
1388544227.229896
1388544227.231979
1388544227.235090
1388544227.238202
1388544227.242608
1388544227.245717
1388544227.248055
1388544227.250392
1388544227.252683
1388544227.254679
1388544227.257245
1388544227.259482
1388544227.261897
1388544227.264133
1388544227.267653
1388544227.270743
1388544227.275807
1388544227.277797
1388544227.280180
1388544227.282242
1388544227.284346
1388544227.286266
1388544227.288239
1388544227.290506
1388544227.292667
1388544227.294718
1388544227.298719
1388544227.301244
1388544227.305451
1388544227.308726
1388544227.311007
1388544227.313500
1388544227.315557
1388544227.317833
1388544227.319911
1388544227.321939
1388544227.324966
1388544227.328126
1388544227.331516
1388544227.335696
1388544227.338392
1388544227.341204
1388544227.343245
1388544227.345974
1388544227.348058
1388544227.350462
1388544227.352572
1388544227.354878
1388544227.359722
1388544227.362833
1388544227.367421
1388544227.369539
1388544227.371830
1388544227.374602
1388544227.377084
1388544227.379542
1388544227.381945
1388544227.384390
1388544227.386910
1388544227.390608
1388544227.393724
1388544227.398188
1388544227.401010
1388544227.403557
1388544227.405902
1388544227.408618
1388544227.410920
1388544227.414020
1388544227.416872
1388544227.419968
1388544227.423865
1388544227.427763
1388544227.431385
1388544227.433741
1388544227.435844
1388544227.438170
1388544227.440707
1388544227.443122
1388544227.445509
1388544227.447597
1388544227.450917
1388544227.454216
1388544227.458667
1388544227.462212
1388544227.464618
1388544227.466626
1388544227.469004
1388544227.471613
1388544227.474355
1388544227.476796
1388544227.479161
1388544227.482457
1388544227.485330
1388544227.489517
1388544227.493041
1388544227.495527
1388544227.497870
1388544227.500334
1388544227.502425
1388544227.504542
1388544227.507374
1388544227.509790
1388544227.514081
1388544227.517321
1388544227.522111
1388544227.525096
1388544227.527289
1388544227.529672
1388544227.531865
1388544227.534283
1388544227.536542
1388544227.538989
1388544227.542412
1388544227.546047
1388544227.549827
1388544227.553858
1388544227.556792
1388544227.559335
1388544227.561418
1388544227.564013
1388544227.566187
1388544227.568303
1388544227.570769
1388544227.573329
1388544227.576707
1388544227.581585
1388544227.584686
1388544227.587260
1388544227.590046
1388544227.592236
1388544227.594375
1388544227.596910
1388544227.599392
1388544227.602184
1388544227.605572
1388544227.608859
1388544227.613347
1388544227.616772
1388544227.619311
1388544227.621479
1388544227.624051
1388544227.626065
1388544227.628660
1388544227.631083
1388544227.633669
1388544227.636928
1388544227.639924
1388544227.644951
1388544227.647099
1388544227.649154
1388544227.651256
1388544227.653749
1388544227.656493
1388544227.659019
1388544227.661391
1388544227.663926
1388544227.669282
1388544227.673761
1388544227.676401
1388544227.678549
1388544227.681007
1388544227.683357
1388544227.685736
1388544227.687760
1388544227.690424
1388544227.692842
1388544227.695221
1388544227.699228
1388544227.702411
1388544227.706867
1388544227.709156
1388544227.711685
1388544227.714058
1388544227.716583
1388544227.718649
1388544227.720920
1388544227.723788
1388544227.726339
1388544227.729330
1388544227.732859
1388544227.737967
1388544227.740696
1388544227.743157
1388544227.745513
1388544227.747973
1388544227.750282
1388544227.759383
1388544227.763060
1388544227.769352
1388544227.773002
1388544227.775456
1388544227.778410
1388544227.780616
1388544227.782637
1388544227.784961
1388544227.787076
1388544227.789742
1388544227.792607
1388544227.795193
1388544227.800624
1388544227.803344
1388544227.806221
1388544227.808614
1388544227.811027
1388544227.813381
1388544227.815688
1388544227.818123
1388544227.820966
1388544227.824581
1388544227.828925
1388544227.832611
1388544227.834937
1388544227.837457
1388544227.840742
1388544227.842998
1388544227.845105
1388544227.847556
1388544227.850035
1388544227.853610
1388544227.857172
1388544227.861437
1388544227.863846
1388544227.866199
1388544227.868732
1388544227.871637
1388544227.874440
1388544227.877277
1388544227.881127
1388544227.884938
1388544227.888339
1388544227.893220
1388544227.896112
1388544227.898131
1388544227.900479
1388544227.903169
1388544227.905926
1388544227.908464
1388544227.910484
1388544227.915809
1388544227.919557
1388544227.924529
1388544227.927508
1388544227.930467
1388544227.932774
1388544227.934980
1388544227.937609
1388544227.940309
1388544227.942891
1388544227.950195
1388544227.955729
1388544227.958472
1388544227.960961
1388544227.963118
1388544227.965809
1388544227.968204
1388544227.970756
1388544227.973902
1388544227.978511
1388544227.981320
1388544227.987570
1388544227.990336
1388544227.993517
1388544227.996010
1388544227.998751
1388544228.002455
1388544228.006904
1388544228.011375
1388544228.015784
1388544228.018332
1388544228.021558
1388544228.025809
1388544228.031177
1388544228.033836
1388544228.038007
1388544228.042323
1388544228.048598
1388544228.052053
1388544228.055254
1388544228.057798
1388544228.060619
1388544228.062881
1388544228.066495
1388544228.071362
1388544228.077466
1388544228.080301
1388544228.083175
1388544228.085983
1388544228.088619
1388544228.091321
1388544228.093753
1388544228.096986
1388544228.100585
1388544228.105817
1388544228.111938
1388544228.116035
1388544228.118769
1388544228.122441
1388544228.127783
1388544228.131562
1388544228.133986
1388544228.136947
1388544228.141629
1388544228.144637
1388544228.146605
1388544228.149092
1388544228.151381
1388544228.153975
1388544228.155944
1388544228.157913
1388544228.161771
1388544228.164363
1388544228.168185
1388544228.170569
1388544228.172523
1388544228.174557
1388544228.176796
1388544228.179104
1388544228.181318
1388544228.183513
1388544228.185684
1388544228.187986
1388544228.190818
1388544228.194178
1388544228.198800
1388544228.201899
1388544228.204705
1388544228.206705
1388544228.208603
1388544228.210508
1388544228.212885
1388544228.215096
1388544228.217307
1388544228.220007
1388544228.223680
1388544228.226481
1388544228.230761
1388544228.233354
1388544228.235692
1388544228.238257
1388544228.240240
1388544228.242467
1388544228.244731
1388544228.246649
1388544228.248545
1388544228.250696
1388544228.253485
1388544228.256384
1388544228.261461
1388544228.264003
1388544228.266507
1388544228.269048
1388544228.271624
1388544228.273907
1388544228.276173
1388544228.278623
1388544228.281640
1388544228.285112
1388544228.288641
1388544228.294292
1388544228.296486
1388544228.298839
1388544228.301504
1388544228.304207
1388544228.306594
1388544228.308891
1388544228.310974
1388544228.313707
1388544228.317094
1388544228.322529
1388544228.325465
1388544228.327796
1388544228.330078
1388544228.332532
1388544228.334834
1388544228.337732
1388544228.340107
1388544228.342592
1388544228.348908
1388544228.354140
1388544228.356405
1388544228.358656
1388544228.360712
1388544228.363008
1388544228.365627
1388544228.368144
1388544228.370899
1388544228.373372
1388544228.376772
1388544228.380708
1388544228.384801
1388544228.387661
1388544228.390013
1388544228.392323
1388544228.394752
1388544228.397091
1388544228.399120
1388544228.401494
1388544228.403954
1388544228.407450
1388544228.410397
1388544228.415652
1388544228.418113
1388544228.420901
1388544228.423282
1388544228.425638
1388544228.427919
1388544228.430316
1388544228.432787
1388544228.435458
1388544228.438768
1388544228.442708
1388544228.445952
1388544228.448153
1388544228.450440
1388544228.453268
1388544228.455269
1388544228.457640
1388544228.460096
1388544228.462820
1388544228.465812
1388544228.469313
1388544228.473000
1388544228.476354
1388544228.478707
1388544228.480761
1388544228.482745
1388544228.485296
1388544228.488018
1388544228.490000
1388544228.492057
1388544228.494464
1388544228.498331
1388544228.501847
1388544228.506262
1388544228.508360
1388544228.510333
1388544228.512919
1388544228.515172
1388544228.517200
1388544228.519967
1388544228.522449
1388544228.524511
1388544228.526833
1388544228.529644
1388544228.533609
1388544228.537126
1388544228.539108
1388544228.541255
1388544228.543256
1388544228.545317
1388544228.547708
1388544228.549980
1388544228.552968
1388544228.555048
1388544228.558835
1388544228.562122
1388544228.566632
1388544228.569793
1388544228.571865
1388544228.574012
1388544228.576059
1388544228.578340
1388544228.580794
1388544228.583512
1388544228.586013
1388544228.588918
1388544228.592307
1388544228.596403
1388544228.599430
1388544228.601974
1388544228.604206
1388544228.606397
1388544228.608522
1388544228.610806
1388544228.613152
1388544228.615353
1388544228.617365
1388544228.620609
1388544228.623659
1388544228.628398
1388544228.630518
1388544228.632896
1388544228.635933
1388544228.637945
1388544228.640360
1388544228.642806
1388544228.644949
1388544228.647362
1388544228.649785
1388544228.653118
1388544228.657400
1388544228.660796
1388544228.663375
1388544228.665826
1388544228.668611
1388544228.670715
1388544228.673266
1388544228.676010
1388544228.678195
1388544228.681011
1388544228.684639
1388544228.689734
1388544228.692094
1388544228.694209
1388544228.696917
1388544228.699064
1388544228.702106
1388544228.704613
1388544228.706960
1388544228.709447
1388544228.712457
1388544228.716162
1388544228.721471
1388544228.724255
1388544228.726325
1388544228.728736
1388544228.731043
1388544228.735229
1388544228.749020
1388544228.753820
1388544228.768863
1388544228.804417
1388544228.807055
1388544228.809297
1388544228.811783
1388544228.814093
1388544228.816566
1388544228.820228
1388544228.824904
1388544228.827351
1388544228.829412
1388544228.831891
1388544228.837061
1388544228.840735
1388544228.844064
1388544228.846419
1388544228.848476
1388544228.850936
1388544228.853570
1388544228.855950
1388544228.858329
1388544228.860640
1388544228.862990
1388544228.865471
1388544228.868576
1388544228.871800
1388544228.876935
1388544228.879213
1388544228.881712
1388544228.884517
1388544228.886904
1388544228.889317
1388544228.891740
1388544228.894091
1388544228.896344
1388544228.899860
1388544228.903790
1388544228.908380
1388544228.911419
1388544228.914084
1388544228.916955
1388544228.919215
1388544228.921845
1388544228.924401
1388544228.926752
1388544228.929946
1388544228.934384
1388544228.940334
1388544228.942857
1388544228.945414
1388544228.947444
1388544228.950102
1388544228.954100
1388544228.957136
1388544228.960109
1388544228.963213
1388544228.965778
1388544228.969034
1388544228.973883
1388544228.976337
1388544228.992804
1388544228.995328
1388544228.999851
1388544229.001947
1388544229.004240
1388544229.006433
1388544229.008695
1388544229.010938
1388544229.013187
1388544229.015725
1388544229.018571
1388544229.021626
1388544229.024833
1388544229.028656
1388544229.031816
1388544229.034467
1388544229.036762
1388544229.038816
1388544229.041176
1388544229.043793
1388544229.046083
1388544229.048726
1388544229.051845
1388544229.055442
1388544229.059602
1388544229.062663
1388544229.065184
1388544229.067788
1388544229.070091
1388544229.072437
1388544229.074430
1388544229.076831
1388544229.079199
1388544229.082331
1388544229.085403
1388544229.088826
1388544229.092359
1388544229.094635
1388544229.096722
1388544229.099399
1388544229.101859
1388544229.104244
1388544229.106480
1388544229.108874
1388544229.111901
1388544229.116900
1388544229.120867
1388544229.123586
1388544229.125864
1388544229.128283
1388544229.130643
1388544229.133562
1388544229.135909
1388544229.137957
1388544229.140231
1388544229.143622
1388544229.147417
1388544229.152039
1388544229.154203
1388544229.156656
1388544229.158664
1388544229.161181
1388544229.163738
1388544229.166357
1388544229.168894
1388544229.171193
1388544229.174023
1388544229.176914
1388544229.181820
1388544229.184737
1388544229.187039
1388544229.189355
1388544229.191712
1388544229.194149
1388544229.196545
1388544229.199421
1388544229.201439
1388544229.204304
1388544229.207395
1388544229.210506
1388544229.214504
1388544229.217422
1388544229.219771
1388544229.221752
1388544229.224104
1388544229.226453
1388544229.228738
1388544229.231107
1388544229.233431
1388544229.237450
1388544229.240345
1388544229.244632
1388544229.247572
1388544229.250268
1388544229.252433
1388544229.254414
1388544229.256777
1388544229.258820
1388544229.261278
1388544229.263394
1388544229.266687
1388544229.269423
1388544229.272860
1388544229.276316
1388544229.278622
1388544229.281054
1388544229.283517
1388544229.285869
1388544229.288181
1388544229.290453
1388544229.292957
1388544229.295002
1388544229.298477
1388544229.301337
1388544229.306445
1388544229.308856
1388544229.311262
1388544229.313566
1388544229.316001
1388544229.318447
1388544229.320835
1388544229.323228
1388544229.325847
1388544229.329764
1388544229.332481
1388544229.336789
1388544229.338909
1388544229.341371
1388544229.343501
1388544229.346724
1388544229.349573
1388544229.351675
1388544229.354069
1388544229.356431
1388544229.359862
1388544229.363314
1388544229.368375
1388544229.370525
1388544229.372925
1388544229.374932
1388544229.377369
1388544229.379923
1388544229.382695
1388544229.384945
1388544229.386993
1388544229.389906
1388544229.392732
1388544229.397357
1388544229.400869
1388544229.403260
1388544229.405601
1388544229.407987
1388544229.410466
1388544229.412891
1388544229.415752
1388544229.417804
1388544229.420497
1388544229.423554
1388544229.427394
1388544229.431390
1388544229.433839
1388544229.436187
1388544229.438526
1388544229.440994
1388544229.443394
1388544229.445745
1388544229.448107
1388544229.450655
1388544229.453838
1388544229.457865
1388544229.461066
1388544229.463757
1388544229.466466
1388544229.468542
1388544229.470604
1388544229.473020
1388544229.475371
1388544229.477716
1388544229.480100
1388544229.484051
1388544229.486893
1388544229.491744
1388544229.494543
1388544229.497082
1388544229.499994
1388544229.502312
1388544229.504360
1388544229.506889
1388544229.509056
1388544229.512388
1388544229.516109
1388544229.520824
1388544229.523516
1388544229.525884
1388544229.528335
1388544229.531017
1388544229.533603
1388544229.536090
1388544229.538409
1388544229.540819
1388544229.543179
1388544229.546020
1388544229.550259
1388544229.553333
1388544229.555915
1388544229.558359
1388544229.560784
1388544229.563085
1388544229.565556
1388544229.568082
1388544229.570357
1388544229.575020
1388544229.577809
1388544229.582587
1388544229.585798
1388544229.588238
1388544229.590479
1388544229.593115
1388544229.595468
1388544229.598300
1388544229.600785
1388544229.605469
1388544229.623322
1388544229.625824
1388544229.627941
1388544229.630254
1388544229.633403
1388544229.637043
1388544229.639849
1388544229.644748
1388544229.647613
1388544229.650109
1388544229.652497
1388544229.654829
1388544229.666412
1388544229.669406
1388544229.673441
1388544229.676986
1388544229.679359
1388544229.682228
1388544229.684535
1388544229.686779
1388544229.689049
1388544229.691580
1388544229.693895
1388544229.696519
1388544229.699806
1388544229.703315
1388544229.706821
1388544229.709268
1388544229.711396
1388544229.714264
1388544229.716644
1388544229.718653
1388544229.721035
1388544229.723061
1388544229.726281
1388544229.729645
1388544229.732720
1388544229.737036
1388544229.739621
1388544229.741943
1388544229.744220
1388544229.746469
1388544229.748842
1388544229.751166
1388544229.753635
1388544229.756071
1388544229.759539
1388544229.762634
1388544229.767304
1388544229.769665
1388544229.771740
1388544229.774096
1388544229.776340
1388544229.778395
1388544229.781132
1388544229.784098
1388544229.798685
1388544229.801152
1388544229.803437
1388544229.805587
1388544229.807928
1388544229.810185
1388544229.812774
1388544229.815375
1388544229.817523
1388544229.820239
1388544229.823487
1388544229.827623
1388544229.830706
1388544229.833182
1388544229.835688
1388544229.838107
1388544229.840509
1388544229.842935
1388544229.845191
1388544229.847628
1388544229.852479
1388544229.855459
1388544229.860057
1388544229.862671
1388544229.865274
1388544229.867797
1388544229.870229
1388544229.872719
1388544229.874755
1388544229.877296
1388544229.879570
1388544229.882542
1388544229.890487
1388544229.893236
1388544229.896341
1388544229.898799
1388544229.900748
1388544229.903518
1388544229.906120
1388544229.909566
1388544229.915799
1388544229.921932
1388544229.925474
1388544229.927861
1388544229.931010
1388544229.933669
1388544229.937588
1388544229.940217
1388544229.943670
1388544229.946656
1388544229.949414
1388544229.953409
1388544229.956272
1388544229.958533
1388544229.960726
1388544229.963503
1388544229.965769
1388544229.968198
1388544229.970446
1388544229.975030
1388544229.978477
1388544229.981985
1388544229.984293
1388544229.986528
1388544229.988388
1388544229.990481
1388544229.992468
1388544229.994671
1388544229.997201
1388544229.999345
1388544230.002302
1388544230.005879
1388544230.010022
1388544230.014172
1388544230.016925
1388544230.019986
1388544230.022457
1388544230.024391
1388544230.026225
1388544230.028738
1388544230.030874
1388544230.033265
1388544230.036560
1388544230.040796
1388544230.043530
1388544230.045793
1388544230.047631
1388544230.049913
1388544230.052139
1388544230.054267
1388544230.056382
1388544230.058509
1388544230.060724
1388544230.063368
1388544230.066334
1388544230.069507
1388544230.074163
1388544230.076328
1388544230.078844
1388544230.080779
1388544230.082897
1388544230.084919
1388544230.087247
1388544230.089538
1388544230.091445
1388544230.093354
1388544230.096484
1388544230.099382
1388544230.104069
1388544230.106295
1388544230.108182
1388544230.109982
1388544230.112608
1388544230.114789
1388544230.117470
1388544230.119728
1388544230.121616
1388544230.123937
1388544230.127346
1388544230.130431
1388544230.134530
1388544230.136770
1388544230.138909
1388544230.140801
1388544230.142774
1388544230.145383
1388544230.147602
1388544230.150018
1388544230.152324
1388544230.154188
1388544230.159169
1388544230.163923
1388544230.166652
1388544230.168662
1388544230.170517
1388544230.172709
1388544230.174830
1388544230.176990
1388544230.179809
1388544230.182100
1388544230.184102
1388544230.186316
1388544230.189324
1388544230.192209
1388544230.195885
1388544230.197811
1388544230.199674
1388544230.201862
1388544230.203996
1388544230.205887
1388544230.208087
1388544230.210499
1388544230.212888
1388544230.214739
1388544230.217313
1388544230.220448
1388544230.224585
1388544230.228160
1388544230.230521
1388544230.232469
1388544230.234400
1388544230.236597
1388544230.238773
1388544230.240908
1388544230.243082
1388544230.245116
1388544230.248461
1388544230.251639
1388544230.254457
1388544230.258767
1388544230.261538
1388544230.263838
1388544230.265750
1388544230.267944
1388544230.270068
1388544230.272209
1388544230.274555
1388544230.276951
1388544230.280031
1388544230.282644
1388544230.286727
1388544230.290835
1388544230.293121
1388544230.295690
1388544230.297516
1388544230.299401
1388544230.301563
1388544230.303508
1388544230.305469
1388544230.307827
1388544230.310490
1388544230.313505
1388544230.317641
1388544230.320151
1388544230.322330
1388544230.324440
1388544230.326279
1388544230.328896
1388544230.330738
1388544230.332575
1388544230.334999
1388544230.336940
1388544230.340238
1388544230.343593
1388544230.349177
1388544230.351775
1388544230.354196
1388544230.356702
1388544230.358934
1388544230.361683
1388544230.364151
1388544230.366517
1388544230.368903
1388544230.373846
1388544230.377761
1388544230.381136
1388544230.383515
1388544230.385799
1388544230.388190
1388544230.390520
1388544230.392613
1388544230.395293
1388544230.397694
1388544230.400170
1388544230.402738
1388544230.405494
1388544230.410963
1388544230.413131
1388544230.415366
1388544230.417985
1388544230.420583
1388544230.422882
1388544230.424901
1388544230.427676
1388544230.429947
1388544230.432564
1388544230.435771
1388544230.439220
1388544230.442921
1388544230.445534
1388544230.447933
1388544230.450213
1388544230.452518
1388544230.454820
1388544230.456903
1388544230.459138
1388544230.461534
1388544230.464353
1388544230.468144
1388544230.472360
1388544230.474797
1388544230.477518
1388544230.479888
1388544230.482091
1388544230.484304
1388544230.486560
1388544230.488925
1388544230.491203
1388544230.493831
1388544230.497329
1388544230.500990
1388544230.504236
1388544230.506619
1388544230.509052
1388544230.511689
1388544230.513637
1388544230.515979
1388544230.517921
1388544230.520155
1388544230.522173
1388544230.525042
1388544230.528444
1388544230.532270
1388544230.535395
1388544230.537313
1388544230.539409
1388544230.541731
1388544230.544255
1388544230.546413
1388544230.548563
1388544230.550724
1388544230.552758
1388544230.557611
1388544230.561678
1388544230.564432
1388544230.566630
1388544230.568887
1388544230.570755
1388544230.572946
1388544230.574997
1388544230.577420
1388544230.579806
1388544230.582134
1388544230.584890
1388544230.588494
1388544230.592059
1388544230.595042
1388544230.597347
1388544230.599288
1388544230.601625
1388544230.604042
1388544230.606329
1388544230.608728
1388544230.611361
1388544230.613817
1388544230.616748
1388544230.620115
1388544230.624499
1388544230.627256
1388544230.629637
1388544230.631621
1388544230.633975
1388544230.636274
1388544230.638561
1388544230.640597
1388544230.643308
1388544230.646254
1388544230.649702
1388544230.652771
1388544230.656848
1388544230.659531
1388544230.662524
1388544230.665044
1388544230.667331
1388544230.669595
1388544230.671502
1388544230.673866
1388544230.676489
1388544230.679482
1388544230.682434
1388544230.686364
1388544230.688802
1388544230.692079
1388544230.694870
1388544230.697238
1388544230.699677
1388544230.701599
1388544230.703745
1388544230.705974
1388544230.709107
1388544230.712043
1388544230.715489
1388544230.718444
1388544230.720668
1388544230.722996
1388544230.725456
1388544230.727845
1388544230.729933
1388544230.732135
1388544230.734345
1388544230.736486
1388544230.739278
1388544230.742668
1388544230.745952
1388544230.750255
1388544230.752193
1388544230.754039
1388544230.756223
1388544230.758604
1388544230.760979
1388544230.763147
1388544230.765287
1388544230.767508
1388544230.770128
1388544230.773303
1388544230.776284
1388544230.779840
1388544230.782358
1388544230.784619
1388544230.786490
1388544230.789668
1388544230.793192
1388544230.796017
1388544230.799773
1388544230.803200
1388544230.807417
1388544230.810808
1388544230.812938
1388544230.814720
1388544230.816632
1388544230.818785
1388544230.820878
1388544230.823015
1388544230.825439
1388544230.827719
1388544230.829964
1388544230.833498
1388544230.837086
1388544230.841064
1388544230.843397
1388544230.845401
1388544230.847576
1388544230.849887
1388544230.852029
1388544230.854158
1388544230.856389
1388544230.858354
1388544230.860793
1388544230.865621
1388544230.870325
1388544230.872995
1388544230.875666
1388544230.877870
1388544230.880109
1388544230.882279
1388544230.885406
1388544230.887982
1388544230.890803
1388544230.897323
1388544230.902232
1388544230.904772
1388544230.907406
1388544230.910885
1388544230.913238
1388544230.915498
1388544230.917790
1388544230.920317
1388544230.922649
1388544230.927283
1388544230.931301
1388544230.934515
1388544230.936661
1388544230.938963
1388544230.941565
1388544230.943818
1388544230.946837
1388544230.949836
1388544230.952071
1388544230.955735
1388544230.958963
1388544230.961318
1388544230.964545
1388544230.968289
1388544230.970159
1388544230.972395
1388544230.974897
1388544230.976929
1388544230.979039
1388544230.981226
1388544230.983405
1388544230.986693
1388544230.990212
1388544230.995165
1388544230.997435
1388544230.999686
1388544231.001873
1388544231.004074
1388544231.006147
1388544231.008772
1388544231.010995
1388544231.013171
1388544231.015787
1388544231.019216
1388544231.023546
1388544231.026769
1388544231.029081
1388544231.030997
1388544231.033350
1388544231.035528
1388544231.037419
1388544231.039573
1388544231.042124
1388544231.044227
1388544231.047006
1388544231.050428
1388544231.053962
1388544231.057727
1388544231.059910
1388544231.061808
1388544231.064112
1388544231.066245
1388544231.068150
1388544231.070058
1388544231.072331
1388544231.075013
1388544231.078918
1388544231.082268
1388544231.087569
1388544231.090209
1388544231.092675
1388544231.094870
1388544231.096998
1388544231.099106
1388544231.101249
1388544231.103414
1388544231.105591
1388544231.108612
1388544231.112105
1388544231.117215
1388544231.120134
1388544231.122084
1388544231.124894
1388544231.127131
1388544231.129296
1388544231.131210
1388544231.133460
1388544231.135344
1388544231.137828
1388544231.140979
1388544231.143814
1388544231.148506
1388544231.151160
1388544231.153364
1388544231.155612
1388544231.158289
1388544231.160621
1388544231.162756
1388544231.164882
1388544231.167015
1388544231.172168
1388544231.174972
1388544231.179498
1388544231.181832
1388544231.183807
1388544231.185680
1388544231.187513
1388544231.189545
1388544231.192258
1388544231.194388
1388544231.196632
1388544231.198825
1388544231.203757
1388544231.207074
1388544231.211132
1388544231.213453
1388544231.215575
1388544231.217795
1388544231.220034
1388544231.222305
1388544231.224858
1388544231.226998
1388544231.229188
1388544231.232319
1388544231.235933
1388544231.240568
1388544231.242873
1388544231.244905
1388544231.246771
1388544231.249030
1388544231.251208
1388544231.253351
1388544231.255613
1388544231.258109
1388544231.260101
1388544231.263031
1388544231.266434
1388544231.269618
1388544231.273405
1388544231.275630
1388544231.277911
1388544231.279829
1388544231.282056
1388544231.284317
1388544231.286311
1388544231.288618
1388544231.290801
1388544231.293596
1388544231.297257
1388544231.300594
1388544231.303429
1388544231.305840
1388544231.308251
1388544231.310466
1388544231.312602
1388544231.314745
1388544231.316804
1388544231.319070
1388544231.321256
1388544231.325327
1388544231.328495
1388544231.332437
1388544231.334810
1388544231.336862
1388544231.339211
1388544231.341709
1388544231.344317
1388544231.346565
1388544231.348900
1388544231.351125
1388544231.353384
1388544231.357239
1388544231.359777
1388544231.364558
1388544231.367356
1388544231.369559
1388544231.371552
1388544231.373883
1388544231.376194
1388544231.378360
1388544231.380800
1388544231.383009
1388544231.385737
1388544231.390337
1388544231.395470
1388544231.397945
1388544231.400177
1388544231.402404
1388544231.404405
1388544231.407133
1388544231.409595
1388544231.411845
1388544231.414377
1388544231.417489
1388544231.420805
1388544231.425889
1388544231.428449
1388544231.430455
1388544231.432696
1388544231.434845
1388544231.437120
1388544231.439789
1388544231.441974
1388544231.444233
1388544231.449015
1388544231.455674
1388544231.457902
1388544231.460182
1388544231.462421
1388544231.464686
1388544231.466900
1388544231.469175
1388544231.471084
1388544231.473878
1388544231.476411
1388544231.479795
1388544231.482854
1388544231.487482
1388544231.490038
1388544231.492364
1388544231.494575
1388544231.496768
1388544231.498721
1388544231.500565
1388544231.502822
1388544231.505235
1388544231.507498
1388544231.513150
1388544231.517531
1388544231.520478
1388544231.522896
1388544231.525572
1388544231.527997
1388544231.530022
1388544231.532100
1388544231.534568
1388544231.536741
1388544231.540399
1388544231.545265
1388544231.549846
1388544231.554395
1388544231.557278
1388544231.560252
1388544231.562876
1388544231.565091
1388544231.567738
1388544231.570062
1388544231.575292
1388544231.580056
1388544231.583841
1388544231.586166
1388544231.588750
1388544231.590957
1388544231.593316
1388544231.595555
1388544231.597437
1388544231.599487
1388544231.601706
1388544231.604762
1388544231.608263
1388544231.612635
1388544231.614706
1388544231.616913
1388544231.619230
1388544231.621802
1388544231.624391
1388544231.626709
1388544231.628743
1388544231.630726
1388544231.633373
1388544231.637677
1388544231.640722
1388544231.644666
1388544231.647038
1388544231.649338
1388544231.651671
1388544231.653991
1388544231.656882
1388544231.659180
1388544231.661499
1388544231.663890
1388544231.667014
1388544231.670222
1388544231.674607
1388544231.677277
1388544231.679808
1388544231.681806
1388544231.684101
1388544231.686428
1388544231.689198
1388544231.691227
1388544231.693575
1388544231.696661
1388544231.699595
1388544231.703937
1388544231.706951
1388544231.709364
1388544231.711774
1388544231.714072
1388544231.716106
1388544231.718451
1388544231.720953
1388544231.723536
1388544231.725898
1388544231.729016
1388544231.732092
1388544231.735713
1388544231.738626
1388544231.740956
1388544231.744709
1388544231.747077
1388544231.749525
1388544231.751601
1388544231.754086
1388544231.756689
1388544231.760084
1388544231.763053
1388544231.767502
1388544231.769913
1388544231.772585
1388544231.774657
1388544231.776715
1388544231.778699
1388544231.780731
1388544231.782933
1388544231.785254
1388544231.787738
1388544231.790580
1388544231.793495
1388544231.798158
1388544231.801028
1388544231.803469
1388544231.806928
1388544231.809894
1388544231.812301
1388544231.814937
1388544231.817613
1388544231.820292
1388544231.823446
1388544231.825842
1388544231.830934
1388544231.833310
1388544231.835637
1388544231.838392
1388544231.840630
1388544231.842855
1388544231.845200
1388544231.847413
1388544231.849646
1388544231.854572
1388544231.858704
1388544231.861310
1388544231.863672
1388544231.865855
1388544231.868145
1388544231.870869
1388544231.872905
1388544231.875078
1388544231.877275
1388544231.879541
1388544231.883718
1388544231.886860
1388544231.890903
1388544231.893130
1388544231.895312
1388544231.897575
1388544231.899943
1388544231.902334
1388544231.905613
1388544231.908748
1388544231.911301
1388544231.914237
1388544231.917599
1388544231.923501
1388544231.925870
1388544231.928809
1388544231.931289
1388544231.933918
1388544231.936995
1388544231.939526
1388544231.941617
1388544231.946981
1388544231.950238
1388544231.954626
1388544231.956846
1388544231.958738
1388544231.960921
1388544231.963091
1388544231.965305
1388544231.967521
1388544231.969485
1388544231.971833
1388544231.974483
1388544231.978884
1388544231.982409
1388544231.985873
1388544231.988498
1388544231.990405
1388544231.992343
1388544231.994515
1388544231.996658
1388544231.998718
1388544232.000814
1388544232.002852
1388544232.007065
1388544232.010370
1388544232.014499
1388544232.016616
1388544232.018521
1388544232.021129
1388544232.023056
1388544232.025192
1388544232.027143
1388544232.029480
1388544232.031682
1388544232.033881
1388544232.036576
1388544232.040271
1388544232.044638
1388544232.047083
1388544232.049372
1388544232.051475
1388544232.053721
1388544232.056041
1388544232.058213
1388544232.060443
1388544232.062727
1388544232.064867
1388544232.068039
1388544232.070763
1388544232.075141
1388544232.077840
1388544232.079826
1388544232.082049
1388544232.084463
1388544232.086980
1388544232.089258
1388544232.091198
1388544232.093168
1388544232.095339
1388544232.098105
1388544232.101666
1388544232.106109
1388544232.109052
1388544232.111229
1388544232.113509
1388544232.115870
1388544232.118070
1388544232.120739
1388544232.122972
1388544232.125216
1388544232.127474
1388544232.132854
1388544232.136371
1388544232.140196
1388544232.142405
1388544232.144909
1388544232.147620
1388544232.149852
1388544232.151924
1388544232.154198
1388544232.156484
1388544232.159312
1388544232.162779
1388544232.166308
1388544232.170512
1388544232.172526
1388544232.174676
1388544232.176923
1388544232.179226
1388544232.181207
1388544232.183347
1388544232.185803
1388544232.187948
1388544232.191577
1388544232.194726
1388544232.199553
1388544232.201838
1388544232.204572
1388544232.206818
1388544232.209017
1388544232.210961
1388544232.212977
1388544232.215211
1388544232.217398
1388544232.220523
1388544232.223815
1388544232.227953
1388544232.230527
1388544232.232493
1388544232.234383
1388544232.237054
1388544232.239174
1388544232.241239
1388544232.243577
1388544232.245860
1388544232.248136
1388544232.251120
1388544232.254199
1388544232.258078
1388544232.261258
1388544232.263491
1388544232.265756
1388544232.268035
1388544232.270667
1388544232.272769
1388544232.274735
1388544232.276989
1388544232.278920
1388544232.281775
1388544232.285380
1388544232.289549
1388544232.293536
1388544232.295929
1388544232.298296
1388544232.301167
1388544232.303872
1388544232.306273
1388544232.308532
1388544232.310955
1388544232.316277
1388544232.321085
1388544232.323939
1388544232.326210
1388544232.328439
1388544232.330698
1388544232.333135
1388544232.335740
1388544232.337945
1388544232.340084
1388544232.343314
1388544232.346640
1388544232.349337
1388544232.354024
1388544232.356375
1388544232.358598
1388544232.360867
1388544232.363075
1388544232.365288
1388544232.367834
1388544232.370407
1388544232.375032
1388544232.378345
1388544232.382633
1388544232.385617
1388544232.388013
1388544232.390250
1388544232.392203
1388544232.394427
1388544232.396590
1388544232.398496
1388544232.400803
1388544232.404845
1388544232.407711
1388544232.412050
1388544232.415262
1388544232.417619
1388544232.420200
1388544232.422388
1388544232.424835
1388544232.427047
1388544232.429017
1388544232.431212
1388544232.434037
1388544232.437171
1388544232.441447
1388544232.444488
1388544232.446767
1388544232.448915
1388544232.451542
1388544232.453844
1388544232.455842
1388544232.458078
1388544232.460292
1388544232.462253
1388544232.465685
1388544232.468662
1388544232.473281
1388544232.476244
1388544232.478170
1388544232.480336
1388544232.482502
1388544232.485324
1388544232.487563
1388544232.489752
1388544232.492213
1388544232.495147
1388544232.498495
1388544232.503195
1388544232.505896
1388544232.507841
1388544232.509727
1388544232.512166
1388544232.514405
1388544232.516968
1388544232.519760
1388544232.522156
1388544232.525376
1388544232.528763
1388544232.533571
1388544232.536441
1388544232.553793
1388544232.558384
1388544232.561484
1388544232.571214
1388544232.573855
1388544232.575954
1388544232.578356
1388544232.580874
1388544232.593390
1388544232.596687
1388544232.598771
1388544232.601598
1388544232.608117
1388544232.610692
1388544232.612834
1388544232.628042
1388544232.630523
1388544232.632711
1388544232.635578
1388544232.637743
1388544232.640209
1388544232.642290
1388544232.649653
1388544232.652655
1388544232.656948
1388544232.660335
1388544232.662449
1388544232.665101
1388544232.667833
1388544232.670446
1388544232.673072
1388544232.675226
1388544232.677935
1388544232.681930
1388544232.689691
1388544232.692182
1388544232.694724
1388544232.697042
1388544232.699196
1388544232.702029
1388544232.704636
1388544232.718152
1388544232.721713
1388544232.724161
1388544232.726283
1388544232.728364
1388544232.730432
1388544232.732888
1388544232.735253
1388544232.738378
1388544232.742685
1388544232.745133
1388544232.749049
1388544232.751802
1388544232.754393
1388544232.756802
1388544232.759207
1388544232.761804
1388544232.763993
1388544232.766690
1388544232.769396
1388544232.774023
1388544232.777402
1388544232.782004
1388544232.784882
1388544232.792467
1388544232.794573
1388544232.797151
1388544232.799235
1388544232.801495
1388544232.803813
1388544232.807380
1388544232.812235
1388544232.816653
1388544232.821011
1388544232.823804
1388544232.826263
1388544232.828914
1388544232.831429
1388544232.837055
1388544232.841926
1388544232.845396
1388544232.847557
1388544232.850129
1388544232.852661
1388544232.855076
1388544232.857673
1388544232.860101
1388544232.862180
1388544232.865145
1388544232.868384
1388544232.872434
1388544232.875199
1388544232.877292
1388544232.879930
1388544232.882238
1388544232.885080
1388544232.887425
1388544232.889834
1388544232.891853
1388544232.894266
1388544232.901438
1388544232.905551
1388544232.908168
1388544232.910209
1388544232.912602
1388544232.914851
1388544232.917485
1388544232.920050
1388544232.922576
1388544232.925128
1388544232.929757
1388544232.933325
1388544232.938981
1388544232.941550
1388544232.943859
1388544232.951141
1388544232.954318
1388544232.966583
1388544232.968665
1388544232.971234
1388544232.975416
1388544232.977489
1388544232.979633
1388544232.981713
1388544232.984199
1388544232.986274
1388544232.989749
1388544233.004087
1388544233.006640
1388544233.008893
1388544233.010825
1388544233.013035
1388544233.015001
1388544233.017739
1388544233.020580
1388544233.024792
1388544233.029886
1388544233.032837
1388544233.034839
1388544233.037413
1388544233.039445
1388544233.041424
1388544233.043915
1388544233.046472
1388544233.049388
1388544233.053073
1388544233.056932
1388544233.060138
1388544233.062155
1388544233.064223
1388544233.067242
1388544233.069868
1388544233.072095
1388544233.075781
1388544233.077819
1388544233.080804
1388544233.083585
1388544233.087840
1388544233.090847
1388544233.093405
1388544233.095425
1388544233.098161
1388544233.100850
1388544233.102979
1388544233.104980
1388544233.106998
1388544233.109548
1388544233.113828
1388544233.117178
1388544233.121358
1388544233.123910
1388544233.126497
1388544233.128580
1388544233.131096
1388544233.134131
1388544233.136745
1388544233.139125
1388544233.141462
1388544233.144962
1388544233.148562
1388544233.152756
1388544233.154827
1388544233.156911
1388544233.159448
1388544233.161513
1388544233.163880
1388544233.166667
1388544233.168994
1388544233.171888
1388544233.174908
1388544233.178993
1388544233.182204
1388544233.190327
1388544233.192404
1388544233.194902
1388544233.211333
1388544233.214366
1388544233.216620
1388544233.218622
1388544233.221236
1388544233.223301
1388544233.225284
1388544233.227419
1388544233.229913
1388544233.232127
1388544233.236904
1388544233.241248
1388544233.245230
1388544233.248125
1388544233.250213
1388544233.252526
1388544233.254635
1388544233.267167
1388544233.271149
1388544233.274822
1388544233.277445
1388544233.279929
1388544233.283231
1388544233.285753
1388544233.287873
1388544233.290031
1388544233.292498
1388544233.295538
1388544233.298375
1388544233.302574
1388544233.316950
1388544233.319530
1388544233.321959
1388544233.324026
1388544233.328223
1388544233.331000
1388544233.335847
1388544233.338394
1388544233.341477
1388544233.343563
1388544233.346117
1388544233.349422
1388544233.351951
1388544233.354434
1388544233.359123
1388544233.362149
1388544233.366775
1388544233.368947
1388544233.371519
1388544233.374110
1388544233.376251
1388544233.384881
1388544233.387395
1388544233.390516
1388544233.393141
1388544233.398026
1388544233.400692
1388544233.402789
1388544233.405320
1388544233.407842
1388544233.410007
1388544233.412187
1388544233.414672
1388544233.430233
1388544233.432537
1388544233.435044
1388544233.437235
1388544233.439661
1388544233.441690
1388544233.443795
1388544233.445968
1388544233.448222
1388544233.453219
1388544233.457072
1388544233.469631
1388544233.471901
1388544233.474381
1388544233.476579
1388544233.478974
1388544233.482920
1388544233.485696
1388544233.490238
1388544233.492493
1388544233.494480
1388544233.497443
1388544233.499475
1388544233.502004
1388544233.504036
1388544233.513743
1388544233.516552
1388544233.521139
1388544233.523727
1388544233.526252
1388544233.528691
1388544233.531744
1388544233.534254
1388544233.536899
1388544233.538990
1388544233.541243
1388544233.544211
1388544233.547654
1388544233.551441
1388544233.553454
1388544233.555580
1388544233.557586
1388544233.567947
1388544233.570512
1388544233.573299
1388544233.576504
1388544233.579601
1388544233.583646
1388544233.586180
1388544233.588616
1388544233.590644
1388544233.593103
1388544233.595134
1388544233.597604
1388544233.599660
1388544233.601975
1388544233.605887
1388544233.609270
1388544233.614026
1388544233.616673
1388544233.618653
1388544233.620660
1388544233.622598
1388544233.624737
1388544233.626713
1388544233.628813
1388544233.635524
1388544233.638240
1388544233.642710
1388544233.646275
1388544233.648903
1388544233.650904
1388544233.653460
1388544233.655946
1388544233.657992
1388544233.659952
1388544233.662003
1388544233.664332
1388544233.667905
1388544233.671038
1388544233.674894
1388544233.677411
1388544233.679908
1388544233.682456
1388544233.685016
1388544233.687537
1388544233.689532
1388544233.705218
1388544233.707845
1388544233.710416
1388544233.713473
1388544233.715842
1388544233.717825
1388544233.720278
1388544233.722362
1388544233.725004
1388544233.727633
1388544233.731085
1388544233.734557
1388544233.737520
1388544233.739592
1388544233.742124
1388544233.744693
1388544233.747469
1388544233.750011
1388544233.752621
1388544233.754978
1388544233.758673
1388544233.763081
1388544233.766778
1388544233.769393
1388544233.771491
1388544233.774179
1388544233.776507
1388544233.778787
1388544233.781399
1388544233.783837
1388544233.786342
1388544233.791567
1388544233.796224
1388544233.799207
1388544233.801339
1388544233.803468
1388544233.805465
1388544233.807982
1388544233.810603
1388544233.813004
1388544233.814994
1388544233.818001
1388544233.821470
1388544233.824799
1388544233.829810
1388544233.832905
1388544233.836474
1388544233.838720
1388544233.840859
1388544233.842878
1388544233.847073
1388544233.851718
1388544233.854253
1388544233.859076
1388544233.862577
1388544233.864776
1388544233.866818
1388544233.869085
1388544233.871042
1388544233.873033
1388544233.884004
1388544233.887703
1388544233.891998
1388544233.894169
1388544233.897507
1388544233.900852
1388544233.903005
1388544233.905004
1388544233.907017
1388544233.909083
1388544233.912594
1388544233.916315
1388544233.921362
1388544233.923867
1388544233.925914
1388544233.928908
1388544233.931318
1388544233.933681
1388544233.937334
1388544233.940586
1388544233.946084
1388544233.951338
1388544233.954379
1388544233.956607
1388544233.959498
1388544233.961927
1388544233.964658
1388544233.968840
1388544233.970913
1388544233.975973
1388544233.978937
1388544233.981440
1388544233.986287
1388544233.988912
1388544233.991512
1388544233.993555
1388544233.995888
1388544233.997881
1388544234.000331
1388544234.004412
1388544234.007368
1388544234.011607
1388544234.014327
1388544234.016854
1388544234.018885
1388544234.021380
1388544234.023948
1388544234.025914
1388544234.028494
1388544234.043165
1388544234.045637
1388544234.047714
1388544234.050544
1388544234.053174
1388544234.055178
1388544234.057756
1388544234.060365
1388544234.063325
1388544234.067326
1388544234.071197
1388544234.075885
1388544234.078847
1388544234.081599
1388544234.083938
1388544234.085924
1388544234.088335
1388544234.090461
1388544234.092625
1388544234.095790
1388544234.099918
1388544234.104304
1388544234.106508
1388544234.109061
1388544234.111950
1388544234.114578
1388544234.117057
1388544234.119058
1388544234.121128
1388544234.123583
1388544234.126204
1388544234.129681
1388544234.134421
1388544234.136827
1388544234.139116
1388544234.141217
1388544234.143313
1388544234.145734
1388544234.148250
1388544234.162313
1388544234.167089
1388544234.170347
1388544234.172762
1388544234.175222
1388544234.177753
1388544234.180263
1388544234.182351
1388544234.184878
1388544234.188902
1388544234.191767
1388544234.196667
1388544234.198697
1388544234.201219
1388544234.203685
1388544234.206217
1388544234.208591
1388544234.211488
1388544234.213848
1388544234.216071
1388544234.218545
1388544234.221395
1388544234.225168
1388544234.230753
1388544234.233330
1388544234.235655
1388544234.238061
1388544234.240251
1388544234.242651
1388544234.245513
1388544234.247621
1388544234.250775
1388544234.254139
1388544234.257761
1388544234.260681
1388544234.262769
1388544234.265428
1388544234.267728
1388544234.270099
1388544234.272550
1388544234.274563
1388544234.277576
1388544234.280329
1388544234.283712
1388544234.286805
1388544234.290909
1388544234.293755
1388544234.296094
1388544234.298175
1388544234.300540
1388544234.302555
1388544234.304973
1388544234.307569
1388544234.310193
1388544234.313690
1388544234.316446
1388544234.321470
1388544234.324175
1388544234.326826
1388544234.328985
1388544234.331548
1388544234.334138
1388544234.336482
1388544234.338505
1388544234.342453
1388544234.361630
1388544234.363649
1388544234.365639
1388544234.386881
1388544234.388924
1388544234.390903
1388544234.393900
1388544234.395997
1388544234.398316
1388544234.400935
1388544234.403069
1388544234.405870
1388544234.410059
1388544234.413487
1388544234.415521
1388544234.417685
1388544234.419809
1388544234.422319
1388544234.424461
1388544234.427368
1388544234.429930
1388544234.432460
1388544234.434858
1388544234.437549
1388544234.442038
1388544234.444901
1388544234.447425
1388544234.450053
1388544234.452116
1388544234.454587
1388544234.456707
1388544234.459557
1388544234.462161
1388544234.465032
1388544234.468038
1388544234.470805
1388544234.474725
1388544234.477802
1388544234.480475
1388544234.482481
1388544234.485003
1388544234.486978
1388544234.489197
1388544234.491765
1388544234.494344
1388544234.497287
1388544234.500386
1388544234.505179
1388544234.507942
1388544234.510869
1388544234.512936
1388544234.514950
1388544234.517441
1388544234.519444
1388544234.521917
1388544234.524054
1388544234.526352
1388544234.530384
1388544234.534654
1388544234.537674
1388544234.539983
1388544234.542442
1388544234.544643
1388544234.546705
1388544234.548903
1388544234.562249
1388544234.566385
1388544234.569283
1388544234.572046
1388544234.574571
1388544234.577387
1388544234.579388
1388544234.581573
1388544234.584103
1388544234.586622
1388544234.589480
1388544234.593821
1388544234.599001
1388544234.601258
1388544234.603258
1388544234.605832
1388544234.608723
1388544234.611171
1388544234.613579
1388544234.615903
1388544234.618001
1388544234.622016
1388544234.625217
1388544234.629921
1388544234.632398
1388544234.634439
1388544234.636710
1388544234.638793
1388544234.647789
1388544234.651087
1388544234.654151
1388544234.658846
1388544234.662376
1388544234.664968
1388544234.666992
1388544234.669466
1388544234.671603
1388544234.674006
1388544234.676951
1388544234.679927
1388544234.683299
1388544234.686454
1388544234.690818
1388544234.693811
1388544234.695891
1388544234.697909
1388544234.700374
1388544234.702406
1388544234.704385
1388544234.707043
1388544234.709323
1388544234.712990
1388544234.716110
1388544234.720001
1388544234.722582
1388544234.725051
1388544234.727650
1388544234.729659
1388544234.731797
1388544234.733832
1388544234.736342
1388544234.738338
1388544234.740778
1388544234.746440
1388544234.750683
1388544234.753541
1388544234.755612
1388544234.758493
1388544234.761184
1388544234.763550
1388544234.765891
1388544234.768395
1388544234.770761
1388544234.775688
1388544234.778795
1388544234.782782
1388544234.784909
1388544234.787402
1388544234.789805
1388544234.792584
1388544234.794585
1388544234.796618
1388544234.799063
1388544234.801157
1388544234.804029
1388544234.807530
1388544234.811730
1388544234.814943
1388544234.817403
1388544234.819628
1388544234.821968
1388544234.824376
1388544234.826826
1388544234.829235
1388544234.831278
1388544234.836185
1388544234.838441
1388544234.842345
1388544234.844571
1388544234.846634
1388544234.848900
1388544234.851294
1388544234.854684
1388544234.858411
1388544234.860829
1388544234.863996
1388544234.867727
1388544234.870598
1388544234.875223
1388544234.877773
1388544234.879766
1388544234.882215
1388544234.884666
1388544234.886952
1388544234.889266
1388544234.891965
1388544234.894236
1388544234.900414
1388544234.904391
1388544234.908562
1388544234.911086
1388544234.913475
1388544234.915916
1388544234.918124
1388544234.920367
1388544234.922542
1388544234.925769
1388544234.929194
1388544234.932713
1388544234.937858
1388544234.941341
1388544234.944070
1388544234.946758
1388544234.948858
1388544234.953353
1388544234.956465
1388544234.960490
1388544234.963728
1388544234.968659
1388544234.970877
1388544234.973095
1388544234.976235
1388544234.978588
1388544234.981485
1388544234.983907
1388544234.988491
1388544234.994804
1388544234.996984
1388544234.999274
1388544235.001234
1388544235.004083
1388544235.009043
1388544235.011374
1388544235.013601
1388544235.015886
1388544235.018587
1388544235.022118
1388544235.026880
1388544235.031094
1388544235.033980
1388544235.036597
1388544235.039676
1388544235.042020
1388544235.043946
1388544235.045813
1388544235.048848
1388544235.052031
1388544235.054898
1388544235.058461
1388544235.060781
1388544235.063097
1388544235.065575
1388544235.067821
1388544235.069786
1388544235.071742
1388544235.074384
1388544235.076410
1388544235.079192
1388544235.082323
1388544235.086608
1388544235.089667
1388544235.091736
1388544235.093692
1388544235.095624
1388544235.097955
1388544235.100344
1388544235.102565
1388544235.104486
1388544235.106778
1388544235.109167
1388544235.112345
1388544235.115082
1388544235.119415
1388544235.121394
1388544235.123763
1388544235.125698
1388544235.127845
1388544235.130225
1388544235.132611
1388544235.134941
1388544235.136844
1388544235.139417
1388544235.142665
1388544235.147646
1388544235.150082
1388544235.152464
1388544235.154689
1388544235.157395
1388544235.159573
1388544235.161493
1388544235.163770
1388544235.165819
1388544235.167901
1388544235.171035
1388544235.174553
1388544235.179289
1388544235.181421
1388544235.183669
1388544235.186074
1388544235.188287
1388544235.190708
1388544235.192983
1388544235.194903
1388544235.197216
1388544235.200435
1388544235.204077
1388544235.208424
1388544235.211544
1388544235.213537
1388544235.215578
1388544235.217583
1388544235.220153
1388544235.222352
1388544235.224628
1388544235.226645
1388544235.229088
1388544235.232919
1388544235.236085
1388544235.240125
1388544235.242537
1388544235.244561
1388544235.247054
1388544235.249578
1388544235.252160
1388544235.254578
1388544235.257998
1388544235.260645
1388544235.263996
1388544235.266980
1388544235.272078
1388544235.274155
1388544235.276342
1388544235.278351
1388544235.280858
1388544235.282907
1388544235.284994
1388544235.295654
1388544235.299356
1388544235.303348
1388544235.305890
1388544235.308068
1388544235.310128
1388544235.312170
1388544235.314411
1388544235.316894
1388544235.319673
1388544235.322155
1388544235.325460
1388544235.328722
1388544235.333695
1388544235.336623
1388544235.340106
1388544235.342679
1388544235.345411
1388544235.347769
1388544235.349784
1388544235.351939
1388544235.356999
1388544235.359876
1388544235.364546
1388544235.367291
1388544235.369739
1388544235.372494
1388544235.374840
1388544235.377193
1388544235.379559
1388544235.381895
1388544235.384561
1388544235.387963
1388544235.390797
1388544235.395563
1388544235.398534
1388544235.401039
1388544235.403417
1388544235.406243
1388544235.408675
1388544235.411163
1388544235.413444
1388544235.418788
1388544235.422548
1388544235.426504
1388544235.428922
1388544235.431004
1388544235.433413
1388544235.435789
1388544235.438446
1388544235.441064
1388544235.443089
1388544235.446199
1388544235.449346
1388544235.452405
1388544235.456837
1388544235.459219
1388544235.461611
1388544235.464047
1388544235.466150
1388544235.468373
1388544235.470508
1388544235.472898
1388544235.480178
1388544235.482643
1388544235.487217
1388544235.490224
1388544235.492582
1388544235.494723
1388544235.497110
1388544235.499222
1388544235.501351
1388544235.503456
1388544235.506174
1388544235.518356
1388544235.520632
1388544235.523228
1388544235.525659
1388544235.528062
1388544235.530305
1388544235.532600
1388544235.534918
1388544235.537300
1388544235.540099
1388544235.543502
1388544235.546600
1388544235.551130
1388544235.553815
1388544235.556574
1388544235.558926
1388544235.561273
1388544235.563294
1388544235.565909
1388544235.568269
1388544235.571270
1388544235.574724
1388544235.581196
1388544235.583559
1388544235.585955
1388544235.588426
1388544235.590792
1388544235.593189
1388544235.595574
1388544235.597907
1388544235.600268
1388544235.603390
1388544235.607001
1388544235.610347
1388544235.614177
1388544235.627663
1388544235.629745
1388544235.645308
1388544235.650938
1388544235.653052
1388544235.655543
1388544235.664595
1388544235.668101
1388544235.672777
1388544235.676139
1388544235.689371
1388544235.692133
1388544235.703280
1388544235.713685
1388544235.720800
1388544235.723540
1388544235.736557
1388544235.739478
1388544235.741654
1388544235.743796
1388544235.745881
1388544235.760509
1388544235.765377
1388544235.768138
1388544235.773103
1388544235.781075
1388544235.783849
1388544235.785976
1388544235.790038
1388544235.805422
1388544235.807727
1388544235.812013
1388544235.814135
1388544235.816461
1388544235.819638
1388544235.822522
1388544235.827334
1388544235.830175
1388544235.832300
1388544235.834463
1388544235.836915
1388544235.839587
1388544235.842169
1388544235.844318
1388544235.846402
1388544235.849864
1388544235.853896
1388544235.858915
1388544235.861641
1388544235.864102
1388544235.877696
1388544235.881898
1388544235.886410
1388544235.891685
1388544235.893876
1388544235.896022
1388544235.898709
1388544235.901386
1388544235.905815
1388544235.907982
1388544235.912694
1388544235.916238
1388544235.920228
1388544235.922391
1388544235.934196
1388544235.937334
1388544235.940245
1388544235.943867
1388544235.951833
1388544235.954506
1388544235.956991
1388544235.959385
1388544235.961530
1388544235.963729
1388544235.966432
1388544235.969164
1388544235.971811
1388544235.975313
1388544235.980315
1388544235.984049
1388544235.986616
1388544235.989313
1388544235.991616
1388544235.994421
1388544235.996587
1388544235.998726
1388544236.008338
1388544236.013216
1388544236.015321
1388544236.017786
1388544236.020770
1388544236.023194
1388544236.027563
1388544236.037454
1388544236.039440
1388544236.042728
1388544236.046686
1388544236.048790
1388544236.051559
1388544236.054491
1388544236.056978
1388544236.059493
1388544236.061746
1388544236.064763
1388544236.068225
1388544236.071693
1388544236.074707
1388544236.077323
1388544236.079963
1388544236.082596
1388544236.084678
1388544236.087716
1388544236.089783
1388544236.092375
1388544236.102843
1388544236.106319
1388544236.108438
1388544236.111012
1388544236.113606
1388544236.116034
1388544236.118923
1388544236.121450
1388544236.123920
1388544236.127640
1388544236.132053
1388544236.147577
1388544236.149608
1388544236.152104
1388544236.154801
1388544236.158321
1388544236.161634
1388544236.171775
1388544236.174501
1388544236.176612
1388544236.189400
1388544236.194301
1388544236.196764
1388544236.199410
1388544236.201834
1388544236.203913
1388544236.205871
1388544236.208378
1388544236.210958
1388544236.213010
1388544236.215675
1388544236.218228
1388544236.221515
1388544236.226227
1388544236.229103
1388544236.231534
1388544236.233570
1388544236.235943
1388544236.238492
1388544236.240708
1388544236.242627
1388544236.245264
1388544236.247938
1388544236.251404
1388544236.256367
1388544236.258907
1388544236.261001
1388544236.263008
1388544236.265274
1388544236.268551
1388544236.270934
1388544236.273480
1388544236.275946
1388544236.278801
1388544236.281698
1388544236.286030
1388544236.289708
1388544236.292337
1388544236.294643
1388544236.296746
1388544236.299135
1388544236.302623
1388544236.305104
1388544236.307668
1388544236.310006
1388544236.313319
1388544236.317798
1388544236.320789
1388544236.323377
1388544236.325782
1388544236.327844
1388544236.330261
1388544236.332305
1388544236.335234
1388544236.337681
1388544236.340029
1388544236.342919
1388544236.345831
1388544236.351416
1388544236.356740
1388544236.358829
1388544236.361314
1388544236.363758
1388544236.365738
1388544236.368269
1388544236.372494
1388544236.375770
1388544236.381556
1388544236.383963
1388544236.398462
1388544236.403128
1388544236.406510
1388544236.411275
1388544236.413533
1388544236.416329
1388544236.418765
1388544236.420901
1388544236.422948
1388544236.434813
1388544236.437278
1388544236.442026
1388544236.444750
1388544236.447565
1388544236.449981
1388544236.452767
1388544236.454861
1388544236.466756
1388544236.472356
1388544236.475065
1388544236.477689
1388544236.480131
1388544236.482589
1388544236.485026
1388544236.487613
1388544236.490139
1388544236.492789
1388544236.498412
1388544236.503026
1388544236.505747
1388544236.508327
1388544236.510797
1388544236.513355
1388544236.515836
1388544236.518338
1388544236.520545
1388544236.525043
1388544236.539827
1388544236.542359
1388544236.544814
1388544236.546895
1388544236.549009
1388544236.551920
1388544236.557809
1388544236.560339
1388544236.565834
1388544236.568753
1388544236.571164
1388544236.573282
1388544236.577529
1388544236.580193
1388544236.582301
1388544236.587418
1388544236.591831
1388544236.596257
1388544236.599135
1388544236.602251
1388544236.604825
1388544236.607444
1388544236.609583
1388544236.612367
1388544236.615385
1388544236.618834
1388544236.622460
1388544236.626327
1388544236.628456
1388544236.630566
1388544236.633485
1388544236.636145
1388544236.649915
1388544236.654690
1388544236.658340
1388544236.660595
1388544236.663422
1388544236.666595
1388544236.668783
1388544236.670906
1388544236.673605
1388544236.675888
1388544236.679692
1388544236.682986
1388544236.687919
1388544236.690201
1388544236.693031
1388544236.695783
1388544236.697921
1388544236.700965
1388544236.703204
1388544236.719298
1388544236.722140
1388544236.724450
1388544236.726603
1388544236.728664
1388544236.730743
1388544236.733859
1388544236.735947
1388544236.738421
1388544236.742440
1388544236.749567
1388544236.751729
1388544236.753895
1388544236.756506
1388544236.758688
1388544236.761237
1388544236.763377
1388544236.765633
1388544236.781157
1388544236.783607
1388544236.786257
1388544236.788515
1388544236.791179
1388544236.793773
1388544236.795850
1388544236.797941
1388544236.803149
1388544236.806698
1388544236.810802
1388544236.813418
1388544236.816277
1388544236.818741
1388544236.824260
1388544236.826831
1388544236.829338
1388544236.831937
1388544236.834832
1388544236.839385
1388544236.842650
1388544236.844788
1388544236.846873
1388544236.849949
1388544236.852134
1388544236.854266
1388544236.856819
1388544236.859356
1388544236.861822
1388544236.879189
1388544236.882017
1388544236.884413
1388544236.887563
1388544236.890352
1388544236.894348
1388544236.898435
1388544236.903035
1388544236.906757
1388544236.909455
1388544236.911943
1388544236.914717
1388544236.917517
1388544236.919543
1388544236.921673
1388544236.926261
1388544236.929074
1388544236.933410
1388544236.935663
1388544236.937726
1388544236.939717
1388544236.942270
1388544236.944463
1388544236.947013
1388544236.950049
1388544236.952198
1388544236.954432
1388544236.968794
1388544236.971294
1388544236.973450
1388544236.976140
1388544236.978253
1388544236.980431
1388544236.982790
1388544236.985287
1388544236.990412
1388544236.995704
1388544236.999347
1388544237.002227
1388544237.004499
1388544237.006583
1388544237.008590
1388544237.011375
1388544237.014029
1388544237.019153
1388544237.026536
1388544237.028758
1388544237.030790
1388544237.033708
1388544237.038121
1388544237.041110
1388544237.043194
1388544237.045495
1388544237.048787
1388544237.052499
1388544237.057435
1388544237.059657
1388544237.061695
1388544237.064973
1388544237.067143
1388544237.069801
1388544237.071915
1388544237.074488
1388544237.076612
1388544237.080047
1388544237.083807
1388544237.087991
1388544237.090567
1388544237.092679
1388544237.094781
1388544237.097660
1388544237.099852
1388544237.102445
1388544237.105113
1388544237.107286
1388544237.111768
1388544237.114462
1388544237.118620
1388544237.121414
1388544237.123608
1388544237.126192
1388544237.128844
1388544237.131765
1388544237.133919
1388544237.136447
1388544237.139101
1388544237.142227
1388544237.145637
1388544237.149953
1388544237.152241
1388544237.154817
1388544237.156967
1388544237.159600
1388544237.162220
1388544237.164727
1388544237.167111
1388544237.169624
1388544237.174389
1388544237.179942
1388544237.182492
1388544237.184807
1388544237.186881
1388544237.188998
1388544237.191107
1388544237.193645
1388544237.195810
1388544237.198457
1388544237.200543
1388544237.205194
1388544237.209022
1388544237.212321
1388544237.215146
1388544237.217346
1388544237.219472
1388544237.221908
1388544237.224291
1388544237.226470
1388544237.228994
1388544237.231425
1388544237.234213
1388544237.237115
1388544237.239579
1388544237.244256
1388544237.247192
1388544237.249777
1388544237.252357
1388544237.254469
1388544237.256784
1388544237.258877
1388544237.261413
1388544237.264154
1388544237.268489
1388544237.272157
1388544237.275901
1388544237.278060
1388544237.280459
1388544237.282961
1388544237.285127
1388544237.287240
1388544237.289801
1388544237.291906
1388544237.294301
1388544237.298522
1388544237.302187
1388544237.306023
1388544237.308517
1388544237.310676
1388544237.313288
1388544237.315871
1388544237.317939
1388544237.320402
1388544237.322445
1388544237.327061
1388544237.329966
1388544237.334609
1388544237.339552
1388544237.341679
1388544237.343741
1388544237.346674
1388544237.349528
1388544237.352079
1388544237.354255
1388544237.358760
1388544237.362175
1388544237.366060
1388544237.368096
1388544237.370588
1388544237.373287
1388544237.375368
1388544237.377899
1388544237.380485
1388544237.382574
1388544237.384936
1388544237.388410
1388544237.391588
1388544237.395396
1388544237.398510
1388544237.400810
1388544237.403041
1388544237.405395
1388544237.407516
1388544237.409626
1388544237.412121
1388544237.415081
1388544237.417434
1388544237.421093
1388544237.425051
1388544237.428542
1388544237.431547
1388544237.434192
1388544237.436684
1388544237.439253
1388544237.441989
1388544237.444357
1388544237.446793
1388544237.450342
1388544237.453496
1388544237.458224
1388544237.461142
1388544237.464136
1388544237.466749
1388544237.469439
1388544237.472145
1388544237.474925
1388544237.477061
1388544237.482841
1388544237.486470
1388544237.489786
1388544237.492085
1388544237.494155
1388544237.496581
1388544237.498963
1388544237.501033
1388544237.503318
1388544237.505843
1388544237.508050
1388544237.511954
1388544237.515123
1388544237.518859
1388544237.522573
1388544237.524931
1388544237.527037
1388544237.529491
1388544237.531647
1388544237.534003
1388544237.536085
1388544237.538520
1388544237.541313
1388544237.544484
1388544237.549121
1388544237.551573
1388544237.553788
1388544237.555904
1388544237.562343
1388544237.564539
1388544237.566610
1388544237.568768
1388544237.571388
1388544237.575181
1388544237.579323
1388544237.583159
1388544237.585958
1388544237.588703
1388544237.591139
1388544237.593602
1388544237.596050
1388544237.598648
1388544237.600975
1388544237.604407
1388544237.607263
1388544237.612465
1388544237.614663
1388544237.617675
1388544237.619974
1388544237.622625
1388544237.624719
1388544237.627070
1388544237.630161
1388544237.634860
1388544237.637431
1388544237.643283
1388544237.645950
1388544237.648051
1388544237.650785
1388544237.653421
1388544237.656034
1388544237.658576
1388544237.661226
1388544237.665095
1388544237.667805
1388544237.671906
1388544237.675826
1388544237.678690
1388544237.680899
1388544237.683098
1388544237.685691
1388544237.687830
1388544237.689894
1388544237.692484
1388544237.695806
1388544237.699200
1388544237.703846
1388544237.705955
1388544237.708638
1388544237.710806
1388544237.713425
1388544237.715575
1388544237.718221
1388544237.720868
1388544237.725271
1388544237.727851
1388544237.733343
1388544237.736269
1388544237.738421
1388544237.741034
1388544237.743317
1388544237.745956
1388544237.748813
1388544237.751503
1388544237.755941
1388544237.758982
1388544237.763722
1388544237.765940
1388544237.768096
1388544237.775739
1388544237.778073
1388544237.780776
1388544237.783590
1388544237.786480
1388544237.789815
1388544237.794339
1388544237.797107
1388544237.799622
1388544237.802015
1388544237.804026
1388544237.806010
1388544237.808110
1388544237.810201
1388544237.813149
1388544237.815672
1388544237.818918
1388544237.822899
1388544237.825938
1388544237.828893
1388544237.830942
1388544237.832967
1388544237.835496
1388544237.838276
1388544237.840756
1388544237.842858
1388544237.847739
1388544237.851478
1388544237.855744
1388544237.858427
1388544237.861349
1388544237.863480
1388544237.866018
1388544237.868566
1388544237.871280
1388544237.873390
1388544237.876309
1388544237.879917
1388544237.884701
1388544237.887866
1388544237.889958
1388544237.892158
1388544237.895217
1388544237.897788
1388544237.899865
1388544237.902430
1388544237.904512
1388544237.907901
1388544237.911549
1388544237.916783
1388544237.922076
1388544237.924347
1388544237.927029
1388544237.929512
1388544237.931518
1388544237.933582
1388544237.935876
1388544237.940196
1388544237.944741
1388544237.948022
1388544237.950122
1388544237.952273
1388544237.954354
1388544237.956471
1388544237.959067
1388544237.961578
1388544237.964192
1388544237.966777
1388544237.970475
1388544237.974820
1388544237.978901
1388544237.981008
1388544237.983011
1388544237.984962
1388544237.986899
1388544237.989484
1388544237.991848
1388544237.994340
1388544237.996504
1388544238.000402
1388544238.003540
1388544238.008530
1388544238.011908
1388544238.014048
1388544238.016481
1388544238.019064
1388544238.021233
1388544238.023873
1388544238.038747
1388544238.042245
1388544238.045663
1388544238.047744
1388544238.050566
1388544238.055508
1388544238.057885
1388544238.060968
1388544238.064581
1388544238.067391
1388544238.071700
1388544238.074852
1388544238.077324
1388544238.079503
1388544238.081959
1388544238.083983
1388544238.086391
1388544238.088874
1388544238.091755
1388544238.095047
1388544238.099844
1388544238.102629
1388544238.104745
1388544238.107234
1388544238.109802
1388544238.112415
1388544238.114748
1388544238.116798
1388544238.119479
1388544238.123787
1388544238.127775
1388544238.131876
1388544238.134411
1388544238.136615
1388544238.138602
1388544238.140732
1388544238.143394
1388544238.145937
1388544238.148041
1388544238.150168
1388544238.154726
1388544238.158443
1388544238.163020
1388544238.165623
1388544238.167873
1388544238.170359
1388544238.172460
1388544238.174845
1388544238.177542
1388544238.180007
1388544238.182049
1388544238.184508
1388544238.187676
1388544238.191880
1388544238.195369
1388544238.197406
1388544238.200087
1388544238.202491
1388544238.204869
1388544238.206965
1388544238.209839
1388544238.212028
1388544238.214884
1388544238.217819
1388544238.222096
1388544238.225497
1388544238.227990
1388544238.230353
1388544238.232738
1388544238.235042
1388544238.237451
1388544238.239510
1388544238.241901
1388544238.245116
1388544238.248248
1388544238.252438
1388544238.255739
1388544238.257775
1388544238.260655
1388544238.262726
1388544238.264788
1388544238.266738
1388544238.269088
1388544238.271703
1388544238.274144
1388544238.277059
1388544238.280746
1388544238.285456
1388544238.288161
1388544238.290540
1388544238.292968
1388544238.295087
1388544238.297072
1388544238.299490
1388544238.301987
1388544238.304219
1388544238.306868
1388544238.310436
1388544238.315012
1388544238.318464
1388544238.320858
1388544238.322977
1388544238.325578
1388544238.327827
1388544238.330176
1388544238.332398
1388544238.334371
1388544238.337216
1388544238.341145
1388544238.346337
1388544238.348608
1388544238.350922
1388544238.353028
1388544238.355014
1388544238.357022
1388544238.359838
1388544238.361871
1388544238.364053
1388544238.366436
1388544238.370918
1388544238.374996
1388544238.378238
1388544238.380653
1388544238.382780
1388544238.385138
1388544238.387679
1388544238.389931
1388544238.392315
1388544238.394495
1388544238.396678
1388544238.401344
1388544238.404880
1388544238.408577
1388544238.411020
1388544238.413182
1388544238.415937
1388544238.418369
1388544238.420770
1388544238.423088
1388544238.425534
1388544238.427702
1388544238.432838
1388544238.436775
1388544238.439849
1388544238.442687
1388544238.445063
1388544238.447095
1388544238.449510
1388544238.451927
1388544238.454252
1388544238.456606
1388544238.458944
1388544238.463209
1388544238.466587
1388544238.470188
1388544238.472522
1388544238.474610
1388544238.477346
1388544238.479523
1388544238.481572
1388544238.483594
1388544238.485598
1388544238.487784
1388544238.490258
1388544238.493117
1388544238.496155
1388544238.500528
1388544238.503178
1388544238.505851
1388544238.508584
1388544238.511141
1388544238.513429
1388544238.515450
1388544238.517861
1388544238.520214
1388544238.523310
1388544238.526138
1388544238.529710
1388544238.532775
1388544238.535111
1388544238.538110
1388544238.540803
1388544238.543611
1388544238.546028
1388544238.548517
1388544238.550886
1388544238.555983
1388544238.558856
1388544238.563724
1388544238.565870
1388544238.568085
1388544238.570302
1388544238.572720
1388544238.575329
1388544238.577485
1388544238.579617
1388544238.581776
1388544238.584398
1388544238.587258
1388544238.590419
1388544238.595242
1388544238.597363
1388544238.599605
1388544238.601706
1388544238.604172
1388544238.606208
1388544238.608700
1388544238.610796
1388544238.613185
1388544238.616840
1388544238.619556
1388544238.623856
1388544238.626340
1388544238.628311
1388544238.630348
1388544238.632430
1388544238.634946
1388544238.637131
1388544238.639566
1388544238.642030
1388544238.644666
1388544238.649778
1388544238.654292
1388544238.656850
1388544238.659492
1388544238.661519
1388544238.663616
1388544238.666049
1388544238.668548
1388544238.670603
1388544238.672649
1388544238.675760
1388544238.679681
1388544238.681966
1388544238.686076
1388544238.688259
1388544238.690379
1388544238.693267
1388544238.695345
1388544238.697976
1388544238.700023
1388544238.702007
1388544238.704438
1388544238.707639
1388544238.710544
1388544238.714295
1388544238.717440
1388544238.719527
1388544238.722098
1388544238.725412
1388544238.727523
1388544238.730020
1388544238.732423
1388544238.734449
1388544238.736554
1388544238.740407
1388544238.743933
1388544238.747827
1388544238.750386
1388544238.752584
1388544238.755145
1388544238.757830
1388544238.760583
1388544238.763148
1388544238.765172
1388544238.767987
1388544238.771103
1388544238.773742
1388544238.777863
1388544238.780067
1388544238.782743
1388544238.784845
1388544238.786922
1388544238.789017
1388544238.791369
1388544238.793472
1388544238.795940
1388544238.798504
1388544238.801750
1388544238.804980
1388544238.809921
1388544238.812459
1388544238.814887
1388544238.817261
1388544238.819632
1388544238.822123
1388544238.824974
1388544238.827374
1388544238.832202
1388544238.835637
1388544238.840262
1388544238.842784
1388544238.845302
1388544238.847775
1388544238.850261
1388544238.852759
1388544238.855434
1388544238.858303
1388544238.861466
1388544238.865091
1388544238.869608
1388544238.872724
1388544238.875529
1388544238.877868
1388544238.880211
1388544238.882460
1388544238.884869
1388544238.887371
1388544238.889813
1388544238.894891
1388544238.899823
1388544238.902289
1388544238.904622
1388544238.907521
1388544238.909976
1388544238.912120
1388544238.914413
1388544238.916823
1388544238.919224
1388544238.922957
1388544238.927918
1388544238.932648
1388544238.935310
1388544238.938398
1388544238.940825
1388544238.943119
1388544238.945437
1388544238.947898
1388544238.949975
1388544238.952999
1388544238.956597
1388544238.960015
1388544238.962874
1388544238.965041
1388544238.967069
1388544238.969124
1388544238.971166
1388544238.973898
1388544238.976127
1388544238.978211
1388544238.980223
1388544238.982388
1388544238.985495
1388544238.988504
1388544238.992722
1388544238.994856
1388544238.996905
1388544238.998899
1388544239.001026
1388544239.003070
1388544239.005178
1388544239.007627
1388544239.009643
1388544239.011609
1388544239.013901
1388544239.017209
1388544239.019588
1388544239.024055
1388544239.026170
1388544239.029043
1388544239.031203
1388544239.033200
1388544239.035626
1388544239.037725
1388544239.040308
1388544239.042624
1388544239.048444
1388544239.052967
1388544239.057194
1388544239.059448
1388544239.062028
1388544239.064264
1388544239.066439
1388544239.070611
1388544239.073579
1388544239.076424
1388544239.079846
1388544239.082171
1388544239.085109
1388544239.089655
1388544239.091808
1388544239.093758
1388544239.095580
1388544239.097475
1388544239.099277
1388544239.101102
1388544239.102901
1388544239.105029
1388544239.110358
1388544239.113771
