--------------------------------
Statistics for fault 1:
Tests which expose this fault: 
	2026 2059 2069 2079 2098 2114 2124 2130 2143 2163 
	2165 2171 2178 2183 2189 2190 2192 2207 2212 2219 
	2242 2256 2260 2274 2280 2294 2323 2325 2326 2331 
	2334 2336 2343 2358 2359 2362 2371 2372 2373 2374 
	2381 2392 2393 2400 2407 2421 2425 2427 2436 2445 
	2446 2467 2470 2476 2484 2486 2497 2508 2520 2559 
	2563 2578 2594 2596 2597 2608 2620 2631 2639 2648 
	2682 2688 2689 2699 2714 2721 2727 2732 2736 2760 
	2775 2779 2784 2814 2825 2827 2833 2834 2839 2852 
	2860 2869 2870 2897 2905 2906 2908 2937 2944 2947 
	2953 3033 3057 3058 3065 3083 3086 3091 3093 3094 
	3096 3114 3130 3133 3136 3150 3154 3166 3172 3176 
	3177 3178 3191 3193 3194 3202 3205 3207 3218 3230 
	3241 3253 3256 3257 3271 3277 3282 3287 3305 3311 
	3317 3318 3323 3324 3330 3344 3345 3348 3353 3362 
	3366 3380 3391 3392 3393 3398 3410 3416 3417 3427 
	3432 3438 3445 3468 3471 3493 3501 3503 3508 3516 
	3520 3553 3558 3564 3565 3571 3580 3606 3611 3619 
	3626 3627 3632 3639 3644 3659 3664 3667 3678 3697 
	3708 3715 3716 3727 3748 3764 3765 3766 3772 3780 
	3783 3792 3821 3827 3829 3839 3840 3860 3861 3863 
	3872 3876 3889 3890 3897 3903 3906 3910 3913 3920 
	3928 3929 3934 3960 3963 3965 3972 3975 3979 3983 
	3990 4006 4012 4018 4023 4026 4029 4030 4031 4034 
Percentage of tests which expose this fault is 5.83232 %
--------------------------------
Statistics for fault 2:
Tests which expose this fault: 
	2026 2059 2067 2069 2079 2098 2114 2124 2130 2143 
	2163 2165 2171 2178 2183 2189 2190 2192 2207 2212 
	2219 2242 2256 2260 2274 2280 2294 2323 2325 2326 
	2331 2334 2336 2343 2358 2359 2362 2365 2371 2372 
	2373 2374 2381 2392 2393 2400 2407 2421 2425 2427 
	2436 2445 2446 2467 2470 2476 2484 2486 2491 2497 
	2508 2520 2559 2563 2578 2594 2596 2597 2608 2620 
	2631 2639 2648 2682 2688 2689 2699 2708 2714 2721 
	2727 2732 2736 2760 2775 2779 2784 2814 2825 2827 
	2833 2834 2839 2852 2860 2869 2870 2897 2905 2906 
	2908 2937 2938 2944 2947 2953 3033 3057 3058 3065 
	3083 3086 3091 3093 3094 3096 3114 3130 3133 3136 
	3150 3154 3166 3172 3176 3177 3178 3191 3193 3194 
	3202 3205 3207 3218 3230 3241 3253 3256 3257 3271 
	3277 3282 3287 3305 3311 3317 3318 3323 3324 3330 
	3344 3345 3348 3353 3362 3366 3380 3391 3392 3393 
	3398 3410 3416 3417 3427 3432 3438 3445 3468 3471 
	3493 3501 3503 3508 3516 3520 3553 3558 3564 3565 
	3571 3580 3606 3611 3619 3626 3627 3632 3639 3644 
	3656 3659 3664 3667 3678 3697 3708 3715 3716 3727 
	3748 3764 3765 3766 3772 3780 3783 3792 3795 3809 
	3821 3827 3829 3839 3840 3860 3861 3863 3871 3872 
	3876 3889 3890 3897 3903 3906 3910 3913 3920 3928 
	3929 3934 3960 3963 3965 3972 3975 3979 3983 3990 
	4006 4012 4018 4023 4026 4029 4030 4031 4034 
Percentage of tests which expose this fault is 6.05103 %
--------------------------------
Statistics for fault 3:
Tests which expose this fault: 
	2292 2397 2533 2667 2872 3006 3007 3008 3009 3010 
	3011 3012 3013 3014 3015 3016 3028 3039 3041 3258 
	3523 3593 3702 3716 3729 3766 3840 3843 3878 3895 
	3920 3981 3992 
Percentage of tests which expose this fault is 0.80194 %
--------------------------------
Statistics for fault 4:
Tests which expose this fault: 
	1421 1424 1425 1426 1436 1438 1439 1448 1452 1461 
	1463 1467 1474 1477 1478 1483 1485 1489 1492 1508 
	1514 1522 1524 1527 1530 1534 1535 1536 1554 1556 
	1569 1577 1585 1586 1593 1595 1597 1611 1614 1616 
	1626 1629 1632 1636 1644 1656 1664 1665 1669 1677 
	1680 1688 1691 1701 1704 1705 1711 1712 1714 1719 
	1730 1734 1738 1747 1756 1768 1775 1779 1783 1789 
	1793 1796 1802 1808 1810 1813 1816 1818 1825 1831 
	1837 1841 1846 1851 1864 1873 1880 1883 1887 1893 
	1896 1898 1905 1910 1911 1917 1932 1935 1944 1957 
	1960 1968 1970 1974 1975 1978 1996 1998 2004 2007 
	2010 2015 2059 2098 2102 2124 2130 2136 2143 2163 
	2165 2171 2172 2178 2183 2189 2190 2192 2205 2207 
	2212 2242 2250 2256 2257 2260 2274 2280 2287 2294 
	2325 2326 2331 2334 2336 2343 2358 2359 2362 2371 
	2372 2373 2374 2381 2392 2393 2400 2407 2421 2425 
	2427 2436 2445 2446 2467 2470 2476 2486 2489 2497 
	2498 2508 2511 2520 2527 2540 2563 2578 2594 2596 
	2597 2608 2631 2639 2648 2682 2688 2689 2699 2713 
	2721 2727 2732 2736 2760 2775 2779 2784 2814 2825 
	2827 2833 2834 2835 2842 2852 2860 2870 2887 2897 
	2908 2937 2944 2947 2953 2957 2965 2967 2977 2980 
	2986 2995 2997 3001 3004 3033 3058 3083 3086 3091 
	3093 3094 3096 3114 3130 3150 3154 3176 3177 3178 
	3193 3202 3207 3218 3230 3257 3271 3277 3305 3317 
	3330 3344 3345 3348 3362 3391 3392 3393 3410 3416 
	3417 3427 3432 3445 3468 3471 3495 3499 3508 3516 
	3520 3553 3558 3564 3565 3571 3574 3580 3606 3611 
	3614 3626 3627 3632 3644 3659 3664 3667 3715 3716 
	3727 3747 3748 3764 3765 3766 3768 3780 3783 3792 
	3821 3829 3839 3840 3860 3861 3872 3876 3889 3890 
	3897 3903 3906 3910 3913 3928 3929 3934 3960 3965 
	3975 3983 3990 4012 4018 4023 4026 4029 4030 4031 
	4034 4045 
Percentage of tests which expose this fault is 8.06804 %
--------------------------------
Statistics for fault 5:
Tests which expose this fault: 
	1022 1026 1031 1032 1033 1034 1041 1044 1051 1058 
	1060 1064 1065 1071 1072 1078 1084 1090 1094 1095 
	1096 1100 1102 1108 1114 1118 1119 1120 1121 1126 
	1137 1138 1149 1157 1160 1164 1167 1168 1177 1183 
	1186 1191 1192 1197 1199 1208 1215 1228 1239 1240 
	1244 1245 1250 1254 1255 1260 1262 1268 1269 1274 
	1280 1289 1311 1315 1320 1321 1325 1327 1330 1332 
	1333 1334 1337 1344 1350 1353 1354 1356 1360 1363 
	1375 1377 1380 1381 1382 1383 1387 1389 1394 1395 
	1396 1397 1399 1408 1409 1410 1416 2031 2079 2081 
	2101 2161 2200 2239 2247 2292 2332 2397 2401 2431 
	2508 2510 2520 2522 2533 2632 2667 2723 2739 2831 
	2853 2862 2872 2882 2920 3006 3007 3008 3009 3010 
	3011 3012 3013 3014 3015 3016 3028 3039 3041 3068 
	3120 3139 3177 3258 3262 3281 3328 3453 3516 3523 
	3528 3555 3593 3615 3644 3673 3674 3702 3704 3716 
	3729 3766 3786 3840 3843 3875 3878 3895 3920 3981 
	3992 4010 4014 
Percentage of tests which expose this fault is 4.20413 %
--------------------------------
Statistics for fault 6:
Tests which expose this fault: 
	2022 2025 2027 2028 2029 2034 2041 2056 2057 2060 
	2064 2068 2069 2070 2071 2077 2078 2079 2081 2082 
	2083 2086 2087 2091 2095 2098 2103 2107 2110 2111 
	2114 2115 2138 2144 2152 2162 2163 2170 2178 2188 
	2189 2190 2191 2197 2201 2209 2210 2213 2223 2225 
	2229 2230 2231 2239 2243 2247 2249 2254 2260 2262 
	2263 2271 2274 2275 2280 2282 2287 2294 2300 2308 
	2314 2316 2317 2326 2327 2330 2332 2336 2338 2343 
	2350 2353 2358 2359 2361 2363 2369 2371 2374 2381 
	2391 2392 2396 2405 2415 2418 2421 2431 2433 2441 
	2450 2453 2457 2459 2460 2463 2465 2468 2477 2480 
	2483 2486 2487 2491 2493 2499 2502 2512 2513 2516 
	2520 2522 2523 2533 2534 2536 2537 2539 2541 2547 
	2548 2551 2560 2566 2574 2577 2580 2586 2594 2595 
	2597 2602 2610 2612 2613 2614 2619 2621 2623 2625 
	2631 2638 2642 2644 2659 2660 2665 2670 2678 2679 
	2682 2687 2695 2696 2697 2700 2710 2715 2716 2723 
	2727 2735 2739 2741 2745 2748 2750 2751 2754 2755 
	2760 2762 2770 2775 2781 2787 2796 2804 2813 2819 
	2821 2822 2826 2833 2835 2836 2837 2843 2845 2846 
	2851 2852 2854 2855 2856 2860 2863 2871 2877 2881 
	2883 2887 2894 2896 2898 2901 2906 2908 2910 2913 
	2914 2918 2920 2921 2924 2928 2929 2937 2941 2943 
	2945 2949 2950 2951 2953 3019 3021 3022 3023 3025 
	3026 3033 3038 3040 3041 3042 3046 3056 3063 3066 
	3067 3068 3070 3074 3077 3079 3085 3092 3096 3102 
	3104 3106 3111 3118 3120 3127 3130 3132 3135 3142 
	3148 3167 3172 3174 3177 3183 3188 3189 3191 3198 
	3207 3208 3214 3217 3218 3220 3221 3224 3227 3229 
	3230 3231 3234 3243 3244 3246 3248 3251 3253 3256 
	3257 3266 3274 3277 3279 3281 3284 3290 3292 3302 
	3303 3310 3312 3317 3323 3331 3332 3336 3339 3340 
	3345 3347 3349 3352 3356 3368 3371 3372 3373 3374 
	3377 3380 3387 3390 3396 3399 3400 3401 3402 3406 
	3408 3409 3411 3414 3416 3419 3422 3423 3428 3430 
	3436 3440 3441 3443 3446 3447 3450 3460 3464 3465 
	3474 3483 3485 3491 3493 3496 3497 3500 3501 3502 
	3504 3511 3516 3519 3533 3534 3545 3547 3548 3553 
	3554 3555 3556 3557 3559 3560 3561 3564 3568 3569 
	3574 3586 3588 3593 3594 3597 3598 3600 3605 3610 
	3615 3619 3620 3624 3625 3627 3629 3630 3636 3637 
	3638 3642 3643 3646 3647 3649 3652 3654 3656 3662 
	3665 3667 3679 3685 3687 3696 3699 3705 3706 3708 
	3710 3711 3712 3715 3716 3717 3718 3721 3723 3724 
	3728 3729 3743 3744 3745 3746 3747 3750 3755 3759 
	3762 3764 3770 3776 3783 3784 3786 3792 3793 3798 
	3800 3812 3815 3818 3831 3833 3844 3845 3846 3858 
	3860 3867 3870 3871 3876 3883 3891 3897 3902 3905 
	3910 3914 3916 3921 3922 3925 3927 3929 3934 3943 
	3947 3950 3952 3955 3962 3968 3970 3973 3975 3976 
	3983 3985 3990 3991 3992 4010 4014 4016 4019 4023 
	4039 4040 4041 4045 4046 4048 4052 4053 
Percentage of tests which expose this fault is 12.58809 %
--------------------------------
Statistics for fault 7:
Tests which expose this fault: 
	1421 1424 1425 1426 1436 1438 1439 1448 1452 1461 
	1463 1467 1474 1477 1478 1483 1485 1489 1492 1508 
	1514 1522 1524 1527 1530 1534 1535 1536 1554 1556 
	1569 1577 1585 1586 1593 1595 1597 1611 1614 1616 
	1626 1629 1632 1636 1644 1656 1664 1665 1669 1677 
	1680 1688 1691 1701 1704 1705 1711 1712 1714 1719 
	1730 1734 1738 1747 1756 1768 1775 1779 1783 1789 
	1793 1796 1802 1808 1810 1813 1816 1818 1825 1831 
	1837 1841 1846 1851 1864 1873 1880 1883 1887 1893 
	1896 1898 1905 1910 1911 1917 1932 1935 1944 1957 
	1960 1968 1970 1974 1975 1978 1996 1998 2004 2007 
	2010 2015 2098 2124 2136 2165 2171 2172 2207 2250 
	2256 2274 2280 2359 2362 2392 2400 2425 2470 2476 
	2486 2498 2511 2520 2578 2597 2682 2699 2721 2727 
	2760 2779 2784 2825 2827 2833 2887 2908 2937 2944 
	2957 2965 2967 2977 2980 2986 2995 2997 3001 3004 
	3096 3114 3130 3150 3154 3176 3178 3202 3218 3317 
	3344 3362 3393 3416 3427 3432 3445 3468 3471 3499 
	3520 3564 3565 3580 3606 3611 3627 3632 3747 3748 
	3765 3766 3768 3783 3792 3829 3839 3840 3860 3861 
	3929 3960 3965 3983 3990 4026 4031 
Percentage of tests which expose this fault is 5.03038 %
--------------------------------
Statistics for fault 8:
Tests which expose this fault: 
	2029 2053 2057 2065 2068 2079 2081 2086 2088 2098 
	2113 2114 2148 2149 2152 2153 2163 2178 2192 2202 
	2212 2223 2252 2258 2260 2269 2279 2293 2312 2313 
	2317 2330 2331 2332 2336 2347 2348 2355 2358 2359 
	2360 2362 2363 2368 2371 2386 2399 2405 2411 2412 
	2417 2421 2423 2431 2445 2461 2468 2484 2495 2496 
	2517 2520 2525 2534 2547 2549 2562 2563 2566 2568 
	2580 2596 2600 2604 2608 2614 2616 2617 2621 2631 
	2632 2639 2642 2648 2658 2659 2675 2677 2683 2689 
	2690 2699 2716 2723 2727 2751 2752 2754 2765 2773 
	2775 2785 2795 2855 2869 2870 2886 2906 2908 2916 
	2942 2944 2947 3023 3024 3025 3038 3039 3042 3068 
	3069 3077 3079 3086 3090 3091 3103 3107 3139 3147 
	3150 3152 3156 3171 3176 3177 3179 3189 3206 3207 
	3214 3218 3225 3233 3239 3240 3246 3248 3252 3260 
	3263 3264 3265 3271 3281 3292 3305 3318 3324 3332 
	3346 3349 3362 3392 3416 3429 3432 3433 3439 3441 
	3447 3453 3465 3466 3476 3490 3499 3502 3508 3516 
	3519 3520 3521 3540 3551 3553 3558 3560 3574 3577 
	3580 3582 3589 3604 3611 3613 3624 3626 3627 3636 
	3643 3662 3664 3676 3679 3682 3683 3685 3687 3708 
	3717 3741 3748 3752 3764 3772 3780 3801 3803 3808 
	3812 3814 3816 3817 3834 3837 3838 3844 3846 3860 
	3864 3867 3868 3871 3872 3876 3890 3896 3903 3910 
	3913 3914 3916 3947 3956 3964 3978 3986 3990 4005 
	4023 4026 4030 4031 4034 4048 
Percentage of tests which expose this fault is 6.22114 %
--------------------------------
Statistics for fault 9:
Tests which expose this fault: 
	2124 2171 2189 2205 2242 2250 2256 2325 2359 2392 
	2393 2400 2407 2467 2468 2497 2597 2608 2631 2639 
	2689 2713 2887 2947 2953 3058 3086 3094 3096 3130 
	3133 3176 3218 3230 3257 3317 3410 3432 3468 3471 
	3499 3508 3553 3571 3611 3632 3727 3768 3829 3839 
	3840 3906 3960 4012 4030 4031 
Percentage of tests which expose this fault is 1.36087 %
--------------------------------
Statistics for fault 10:
Tests which expose this fault: 
	1022 1026 1031 1032 1033 1034 1041 1044 1051 1058 
	1060 1064 1065 1071 1072 1078 1084 1090 1094 1095 
	1096 1100 1102 1108 1114 1118 1119 1120 1121 1126 
	1137 1138 1149 1157 1160 1164 1167 1168 1177 1183 
	1186 1191 1192 1197 1199 1208 1215 1228 1239 1240 
	1244 1245 1250 1254 1255 1260 1262 1268 1269 1274 
	1280 1289 1311 1315 1320 1321 1325 1327 1330 1332 
	1333 1334 1337 1344 1350 1353 1354 1356 1360 1363 
	1375 1377 1380 1381 1382 1383 1387 1389 1394 1395 
	1396 1397 1399 1408 1409 1410 1416 2031 2079 2081 
	2101 2161 2200 2239 2247 2292 2332 2397 2401 2431 
	2508 2510 2520 2522 2533 2632 2667 2723 2739 2831 
	2853 2862 2872 2882 2920 3006 3007 3008 3009 3010 
	3011 3012 3013 3014 3015 3016 3028 3039 3041 3068 
	3120 3139 3177 3258 3262 3281 3328 3453 3516 3523 
	3528 3555 3593 3615 3644 3673 3674 3702 3704 3716 
	3729 3766 3786 3840 3843 3875 3878 3895 3920 3981 
	3992 4010 4014 
Percentage of tests which expose this fault is 4.20413 %
