--------------------------------
Statistics for fault 1:
Tests which expose this fault: 
	270 2591 3295 3315 3854 3855 
Percentage of tests which expose this fault is 0.14528 %
--------------------------------
Statistics for fault 2:
Tests which expose this fault: 
	799 1460 1946 2118 2125 2170 2226 2266 2363 2368 
	2371 2420 2421 2437 2463 2487 2493 2569 2596 2639 
	2683 2768 2785 2792 2906 2948 2985 2988 3084 3090 
	3183 3199 3226 3265 3287 3289 3295 3315 3527 3531 
	3630 3671 3688 3701 3707 3767 3878 3886 
Percentage of tests which expose this fault is 1.16223 %
--------------------------------
Statistics for fault 3:
Tests which expose this fault: 
	54 81 92 98 148 222 223 289 307 310 
	390 411 467 569 588 645 738 2374 2553 2597 
	2609 2649 2748 2785 2843 3050 3351 3471 3526 3668 
	3687 3730 3731 3859 3909 3910 3939 3978 
Percentage of tests which expose this fault is 0.92010 %
--------------------------------
Statistics for fault 4:
Tests which expose this fault: 
	2036 2063 2088 2162 2221 2406 2456 2481 2521 2579 
	2829 3024 3139 3160 3165 3221 3445 3453 3491 3504 
	3544 3712 3801 3854 3855 3883 4001 4070 
Percentage of tests which expose this fault is 0.67797 %
--------------------------------
Statistics for fault 5:
Tests which expose this fault: 
	1422 1425 1439 1447 1449 1460 1462 1465 1486 1488 
	1493 1509 1515 1531 1537 1555 1569 1586 1594 1596 
	1617 1627 1629 1634 1657 1665 1670 1678 1704 1712 
	1713 1731 1732 1735 1739 1746 1751 1757 1769 1780 
	1786 1794 1803 1809 1811 1814 1817 1819 1827 1839 
	1848 1853 1885 1895 1907 1909 1919 1938 1946 1970 
	1977 1979 1998 2009 2017 2070 2072 2083 2100 2126 
	2165 2191 2207 2214 2221 2255 2283 2297 2326 2328 
	2339 2346 2361 2368 2374 2376 2410 2424 2428 2471 
	2489 2514 2523 2544 2571 2596 2600 2620 2638 2706 
	2715 2720 2785 2843 2850 2895 2905 2945 2965 2973 
	2985 3003 3098 3111 3185 3199 3213 3226 3238 3246 
	3262 3266 3287 3297 3327 3328 3333 3355 3358 3504 
	3512 3564 3622 3625 3638 3656 3677 3680 3723 3762 
	3785 3807 3810 3875 3886 3921 3928 3949 3980 4038 
Percentage of tests which expose this fault is 3.63196 %
--------------------------------
Statistics for fault 6:
Tests which expose this fault: 
	2023 2034 2036 2038 2049 2055 2059 2070 2071 2081 
	2086 2108 2113 2133 2147 2149 2150 2151 2154 2156 
	2159 2167 2169 2183 2194 2204 2205 2221 2232 2238 
	2275 2282 2295 2311 2319 2326 2335 2346 2347 2356 
	2368 2371 2377 2391 2395 2408 2429 2434 2450 2462 
	2476 2486 2493 2508 2511 2512 2523 2525 2544 2561 
	2564 2570 2571 2596 2620 2638 2646 2697 2710 2715 
	2730 2760 2767 2769 2777 2782 2785 2799 2825 2833 
	2841 2861 2863 2923 2924 2932 2958 3024 3030 3037 
	3041 3045 3065 3092 3116 3123 3127 3158 3164 3188 
	3197 3198 3199 3206 3210 3222 3224 3226 3233 3250 
	3272 3276 3286 3291 3296 3301 3316 3322 3325 3328 
	3333 3336 3342 3343 3347 3358 3387 3401 3411 3431 
	3435 3438 3441 3446 3457 3475 3496 3505 3519 3524 
	3527 3530 3564 3568 3574 3580 3581 3588 3597 3604 
	3622 3626 3631 3656 3661 3677 3680 3682 3687 3696 
	3726 3730 3731 3746 3751 3756 3785 3801 3808 3823 
	3847 3854 3855 3862 3882 3886 3891 3921 3923 3949 
	3980 4021 4028 4038 4045 4066 
Percentage of tests which expose this fault is 4.50363 %
--------------------------------
Statistics for fault 7:
Tests which expose this fault: 
	93 257 503 560 2075 2215 2242 2334 2335 2350 
	2366 2508 2638 2650 2774 2795 2829 3032 3089 3238 
	3276 3457 3509 3694 3824 3875 3940 3965 
Percentage of tests which expose this fault is 0.67797 %
--------------------------------
