4115
10
1388544400.228372
1388544400.256669
1388544400.265634
1388544400.269460
1388544400.272754
1388544400.275628
1388544400.278439
1388544400.281055
1388544400.284082
1388544400.286839
1388544400.289712
1388544400.294002
1388544400.297370
1388544400.300949
1388544400.305203
1388544400.307815
1388544400.310171
1388544400.312446
1388544400.314845
1388544400.317634
1388544400.320134
1388544400.323078
1388544400.327412
1388544400.331384
1388544400.335794
1388544400.338311
1388544400.341009
1388544400.343407
1388544400.345867
1388544400.348203
1388544400.351100
1388544400.355334
1388544400.358126
1388544400.362080
1388544400.365934
1388544400.368693
1388544400.370999
1388544400.373294
1388544400.375591
1388544400.377971
1388544400.380335
1388544400.382659
1388544400.385683
1388544400.388816
1388544400.392280
1388544400.396496
1388544400.398902
1388544400.401549
1388544400.403921
1388544400.406173
1388544400.408451
1388544400.410873
1388544400.413624
1388544400.417480
1388544400.420354
1388544400.423729
1388544400.428023
1388544400.430460
1388544400.433263
1388544400.435655
1388544400.438047
1388544400.440500
1388544400.442937
1388544400.445765
1388544400.449424
1388544400.453861
1388544400.458564
1388544400.461076
1388544400.463431
1388544400.465924
1388544400.468697
1388544400.471062
1388544400.473553
1388544400.476585
1388544400.480047
1388544400.482996
1388544400.487525
1388544400.490696
1388544400.493214
1388544400.495657
1388544400.498112
1388544400.500931
1388544400.503263
1388544400.505653
1388544400.510449
1388544400.513549
1388544400.518122
1388544400.521006
1388544400.523161
1388544400.525682
1388544400.528198
1388544400.530463
1388544400.533169
1388544400.535560
1388544400.538423
1388544400.542128
1388544400.545642
1388544400.550007
1388544400.552584
1388544400.554922
1388544400.557298
1388544400.559629
1388544400.561928
1388544400.564309
1388544400.567367
1388544400.570292
1388544400.573837
1388544400.576987
1388544400.582055
1388544400.584645
1388544400.587118
1388544400.589595
1388544400.592080
1388544400.594436
1388544400.596488
1388544400.599207
1388544400.602658
1388544400.605483
1388544400.609721
1388544400.613954
1388544400.616851
1388544400.619193
1388544400.621627
1388544400.623976
1388544400.626239
1388544400.628538
1388544400.633613
1388544400.637044
1388544400.640582
1388544400.645295
1388544400.647731
1388544400.650556
1388544400.652922
1388544400.655573
1388544400.658425
1388544400.661933
1388544400.668146
1388544400.673573
1388544400.677025
1388544400.679840
1388544400.683006
1388544400.685815
1388544400.688399
1388544400.690823
1388544400.694650
1388544400.697599
1388544400.701511
1388544400.705011
1388544400.707208
1388544400.709481
1388544400.711634
1388544400.713785
1388544400.716345
1388544400.718535
1388544400.720442
1388544400.725012
1388544400.728157
1388544400.732041
1388544400.735635
1388544400.737847
1388544400.740167
1388544400.742429
1388544400.744404
1388544400.746535
1388544400.748855
1388544400.751223
1388544400.755768
1388544400.758424
1388544400.761827
1388544400.765764
1388544400.767689
1388544400.769880
1388544400.771865
1388544400.774098
1388544400.776110
1388544400.778318
1388544400.780341
1388544400.783171
1388544400.788186
1388544400.791473
1388544400.795424
1388544400.798572
1388544400.801203
1388544400.803838
1388544400.806268
1388544400.808631
1388544400.810890
1388544400.812913
1388544400.816167
1388544400.819619
1388544400.822844
1388544400.827669
1388544400.830152
1388544400.832860
1388544400.835331
1388544400.837638
1388544400.840080
1388544400.842400
1388544400.844620
1388544400.849855
1388544400.853009
1388544400.857791
1388544400.860490
1388544400.862885
1388544400.865865
1388544400.868254
1388544400.870608
1388544400.872919
1388544400.875532
1388544400.879024
1388544400.882167
1388544400.886304
1388544400.889960
1388544400.892322
1388544400.894723
1388544400.896963
1388544400.899928
1388544400.902252
1388544400.904591
1388544400.907902
1388544400.910825
1388544400.914225
1388544400.918856
1388544400.921638
1388544400.923924
1388544400.926338
1388544400.928779
1388544400.931646
1388544400.933995
1388544400.936352
1388544400.939734
1388544400.942252
1388544400.946354
1388544400.949975
1388544400.952318
1388544400.954658
1388544400.957014
1388544400.959409
1388544400.961482
1388544400.963899
1388544400.966342
1388544400.968796
1388544400.971940
1388544400.974490
1388544400.978792
1388544400.981800
1388544400.984201
1388544400.986590
1388544400.989031
1388544400.991406
1388544400.993733
1388544400.995714
1388544400.998641
1388544401.002147
1388544401.005069
1388544401.009063
1388544401.012735
1388544401.015590
1388544401.017877
1388544401.020526
1388544401.022858
1388544401.025465
1388544401.027932
1388544401.032344
1388544401.035440
1388544401.039350
1388544401.043456
1388544401.045775
1388544401.048541
1388544401.051073
1388544401.053550
1388544401.055957
1388544401.058355
1388544401.061069
1388544401.064651
1388544401.067743
1388544401.073029
1388544401.075660
1388544401.077934
1388544401.081080
1388544401.083504
1388544401.085739
1388544401.088073
1388544401.090514
1388544401.095892
1388544401.099094
1388544401.103775
1388544401.106265
1388544401.108671
1388544401.111007
1388544401.113794
1388544401.116363
1388544401.118661
1388544401.121148
1388544401.124894
1388544401.127785
1388544401.131062
1388544401.135743
1388544401.138090
1388544401.140465
1388544401.142812
1388544401.145092
1388544401.147980
1388544401.150358
1388544401.153116
1388544401.156674
1388544401.160074
1388544401.164718
1388544401.167091
1388544401.169443
1388544401.171845
1388544401.174198
1388544401.176636
1388544401.179103
1388544401.181913
1388544401.186119
1388544401.189258
1388544401.193521
1388544401.197104
1388544401.199470
1388544401.201761
1388544401.203992
1388544401.206324
1388544401.208894
1388544401.211273
1388544401.217196
1388544401.220740
1388544401.225124
1388544401.228511
1388544401.231222
1388544401.233600
1388544401.236011
1388544401.238430
1388544401.240873
1388544401.243350
1388544401.246832
1388544401.249676
1388544401.253581
1388544401.257595
1388544401.260516
1388544401.263618
1388544401.265926
1388544401.268366
1388544401.270668
1388544401.273087
1388544401.276405
1388544401.279807
1388544401.282669
1388544401.287237
1388544401.290165
1388544401.292603
1388544401.295091
1388544401.297874
1388544401.300194
1388544401.302487
1388544401.305209
1388544401.308624
1388544401.311471
1388544401.315320
1388544401.319000
1388544401.321769
1388544401.324765
1388544401.327181
1388544401.329839
1388544401.332195
1388544401.334485
1388544401.337158
1388544401.340555
1388544401.343730
1388544401.348209
1388544401.350780
1388544401.353031
1388544401.355445
1388544401.357899
1388544401.360206
1388544401.362914
1388544401.365300
1388544401.368336
1388544401.371691
1388544401.374505
1388544401.379850
1388544401.382354
1388544401.384655
1388544401.386878
1388544401.389159
1388544401.391403
1388544401.393793
1388544401.396532
1388544401.400096
1388544401.402902
1388544401.406297
1388544401.410942
1388544401.413760
1388544401.416113
1388544401.418393
1388544401.420745
1388544401.422980
1388544401.425252
1388544401.427512
1388544401.431243
1388544401.434354
1388544401.439334
1388544401.443311
1388544401.446014
1388544401.448289
1388544401.450544
1388544401.452719
1388544401.455001
1388544401.457225
1388544401.460108
1388544401.464121
1388544401.467765
1388544401.471852
1388544401.474135
1388544401.476379
1388544401.479067
1388544401.481331
1388544401.483588
1388544401.485788
1388544401.488104
1388544401.492305
1388544401.495059
1388544401.498465
1388544401.502753
1388544401.505042
1388544401.507243
1388544401.510553
1388544401.513521
1388544401.515742
1388544401.517928
1388544401.520283
1388544401.523838
1388544401.527661
1388544401.531780
1388544401.534811
1388544401.537319
1388544401.540227
1388544401.543022
1388544401.546091
1388544401.548497
1388544401.551315
1388544401.554627
1388544401.558068
1388544401.562241
1388544401.565593
1388544401.567971
1388544401.570727
1388544401.573005
1388544401.575288
1388544401.577704
1388544401.580224
1388544401.585349
1388544401.590537
1388544401.594596
1388544401.596908
1388544401.599175
1388544401.601373
1388544401.603545
1388544401.605912
1388544401.608153
1388544401.610377
1388544401.616203
1388544401.618608
1388544401.622765
1388544401.625785
1388544401.628466
1388544401.630755
1388544401.632965
1388544401.635164
1388544401.637390
1388544401.639561
1388544401.641807
1388544401.645978
1388544401.650981
1388544401.654985
1388544401.657265
1388544401.659580
1388544401.662344
1388544401.664788
1388544401.667133
1388544401.669384
1388544401.671763
1388544401.674394
1388544401.677956
1388544401.680962
1388544401.685370
1388544401.688000
1388544401.690226
1388544401.692461
1388544401.695184
1388544401.697449
1388544401.699751
1388544401.701932
1388544401.704948
1388544401.708325
1388544401.711365
1388544401.716691
1388544401.719095
1388544401.721310
1388544401.723589
1388544401.725872
1388544401.728659
1388544401.731072
1388544401.733525
1388544401.738782
1388544401.741858
1388544401.747114
1388544401.749555
1388544401.751959
1388544401.754317
1388544401.756555
1388544401.758873
1388544401.761709
1388544401.764058
1388544401.770365
1388544401.774974
1388544401.778235
1388544401.780560
1388544401.782884
1388544401.785185
1388544401.787624
1388544401.789951
1388544401.792261
1388544401.795318
1388544401.800012
1388544401.804365
1388544401.808720
1388544401.811509
1388544401.813908
1388544401.816318
1388544401.818595
1388544401.820885
1388544401.823139
1388544401.825578
1388544401.828928
1388544401.831550
1388544401.835476
1388544401.839427
1388544401.841857
1388544401.844555
1388544401.846952
1388544401.849189
1388544401.851412
1388544401.853828
1388544401.856462
1388544401.860197
1388544401.862906
1388544401.866880
1388544401.870668
1388544401.873109
1388544401.875391
1388544401.878130
1388544401.880398
1388544401.882690
1388544401.884956
1388544401.887364
1388544401.891909
1388544401.895234
1388544401.899789
1388544401.902133
1388544401.904422
1388544401.906703
1388544401.908969
1388544401.911706
1388544401.913994
1388544401.916271
1388544401.918821
1388544401.921771
1388544401.926037
1388544401.930199
1388544401.932770
1388544401.935099
1388544401.937454
1388544401.939677
1388544401.941666
1388544401.944674
1388544401.946935
1388544401.949497
1388544401.952615
1388544401.955627
1388544401.960247
1388544401.962669
1388544401.965014
1388544401.967260
1388544401.969599
1388544401.971969
1388544401.974309
1388544401.976586
1388544401.979097
1388544401.982308
1388544401.985222
1388544401.989122
1388544401.992997
1388544401.995373
1388544401.997698
1388544401.999940
1388544402.002229
1388544402.004507
1388544402.006694
1388544402.008906
1388544402.012960
1388544402.017389
1388544402.021734
1388544402.024699
1388544402.027482
1388544402.029749
1388544402.032031
1388544402.034423
1388544402.036776
1388544402.039321
1388544402.042570
1388544402.045541
1388544402.048398
1388544402.053061
1388544402.056603
1388544402.059229
1388544402.061793
1388544402.064176
1388544402.066577
1388544402.068977
1388544402.071779
1388544402.076786
1388544402.088472
1388544402.090781
1388544402.093468
1388544402.095831
1388544402.098098
1388544402.100404
1388544402.102950
1388544402.106020
1388544402.108875
1388544402.112885
1388544402.117207
1388544402.119588
1388544402.121996
1388544402.124365
1388544402.127074
1388544402.129804
1388544402.132235
1388544402.135501
1388544402.140434
1388544402.144931
1388544402.148216
1388544402.150564
1388544402.152917
1388544402.155292
1388544402.157676
1388544402.160604
1388544402.162958
1388544402.168043
1388544402.170680
1388544402.174758
1388544402.178336
1388544402.181042
1388544402.183391
1388544402.185682
1388544402.188181
1388544402.190578
1388544402.193333
1388544402.196065
1388544402.199368
1388544402.202618
1388544402.206962
1388544402.209927
1388544402.212408
1388544402.214708
1388544402.217112
1388544402.219425
1388544402.221940
1388544402.224391
1388544402.227017
1388544402.229943
1388544402.233059
1388544402.237475
1388544402.240028
1388544402.242836
1388544402.245165
1388544402.247616
1388544402.249933
1388544402.252271
1388544402.254519
1388544402.257540
1388544402.261333
1388544402.265079
1388544402.269501
1388544402.272017
1388544402.274507
1388544402.277264
1388544402.279569
1388544402.281922
1388544402.284377
1388544402.286995
1388544402.290461
1388544402.293740
1388544402.298447
1388544402.300906
1388544402.303269
1388544402.305720
1388544402.308505
1388544402.310949
1388544402.313277
1388544402.315726
1388544402.319050
1388544402.322692
1388544402.326116
1388544402.331370
1388544402.333941
1388544402.336414
1388544402.338810
1388544402.341526
1388544402.344029
1388544402.346430
1388544402.349806
1388544402.353355
1388544402.356979
1388544402.361221
1388544402.363607
1388544402.365989
1388544402.368457
1388544402.370792
1388544402.373147
1388544402.375860
1388544402.378286
1388544402.381638
1388544402.384536
1388544402.388474
1388544402.392626
1388544402.395064
1388544402.397399
1388544402.399689
1388544402.402123
1388544402.404490
1388544402.406836
1388544402.410356
1388544402.413710
1388544402.416322
1388544402.420322
1388544402.424122
1388544402.426592
1388544402.428854
1388544402.431177
1388544402.433536
1388544402.435917
1388544402.438273
1388544402.440972
1388544402.444517
1388544402.448371
1388544402.452601
1388544402.454947
1388544402.457548
1388544402.460067
1388544402.462657
1388544402.465312
1388544402.467819
1388544402.470444
1388544402.473814
1388544402.477090
1388544402.481282
1388544402.484785
1388544402.487098
1388544402.489405
1388544402.492155
1388544402.494371
1388544402.496618
1388544402.498806
1388544402.501114
1388544402.506517
1388544402.510249
1388544402.514610
1388544402.517042
1388544402.519455
1388544402.521769
1388544402.524421
1388544402.526835
1388544402.529138
1388544402.531757
1388544402.535616
1388544402.538364
1388544402.542571
1388544402.546182
1388544402.548399
1388544402.550585
1388544402.552910
1388544402.555098
1388544402.557809
1388544402.560054
1388544402.562309
1388544402.567021
1388544402.569894
1388544402.574860
1388544402.577557
1388544402.579727
1388544402.581915
1388544402.584110
1388544402.586350
1388544402.588533
1388544402.591335
1388544402.595658
1388544402.598870
1388544402.604123
1388544402.607686
1388544402.609896
1388544402.612110
1388544402.614271
1388544402.616521
1388544402.618689
1388544402.620861
1388544402.623303
1388544402.628919
1388544402.632299
1388544402.637184
1388544402.639591
1388544402.642821
1388544402.645026
1388544402.647343
1388544402.649500
1388544402.651678
1388544402.653837
1388544402.657271
1388544402.660525
1388544402.664648
1388544402.668342
1388544402.670599
1388544402.672965
1388544402.675592
1388544402.677904
1388544402.680136
1388544402.682310
1388544402.684774
1388544402.688266
1388544402.691565
1388544402.695770
1388544402.699778
1388544402.702022
1388544402.704364
1388544402.707080
1388544402.709403
1388544402.711679
1388544402.713864
1388544402.716826
1388544402.720132
1388544402.724543
1388544402.728696
1388544402.730959
1388544402.733349
1388544402.735565
1388544402.737660
1388544402.740398
1388544402.742603
1388544402.744805
1388544402.749441
1388544402.751885
1388544402.755576
1388544402.760004
1388544402.762290
1388544402.764583
1388544402.766855
1388544402.769232
1388544402.771556
1388544402.774612
1388544402.777295
1388544402.781041
1388544402.784054
1388544402.788070
1388544402.792079
1388544402.794313
1388544402.796602
1388544402.798759
1388544402.800940
1388544402.803381
1388544402.805737
1388544402.808418
1388544402.813332
1388544402.817023
1388544402.821320
1388544402.824019
1388544402.826218
1388544402.828486
1388544402.830634
1388544402.832845
1388544402.834985
1388544402.837304
1388544402.839983
1388544402.843943
1388544402.847476
1388544402.851746
1388544402.853969
1388544402.856588
1388544402.858806
1388544402.860966
1388544402.863172
1388544402.865263
1388544402.867528
1388544402.870098
1388544402.873486
1388544402.876684
1388544402.881254
1388544402.883806
1388544402.885991
1388544402.888405
1388544402.890969
1388544402.893209
1388544402.895692
1388544402.897871
1388544402.900367
1388544402.903664
1388544402.906616
1388544402.910936
1388544402.913398
1388544402.915628
1388544402.917792
1388544402.920043
1388544402.922623
1388544402.924930
1388544402.927236
1388544402.929579
1388544402.933150
1388544402.938085
1388544402.942259
1388544402.944571
1388544402.946855
1388544402.949043
1388544402.951192
1388544402.953380
1388544402.955997
1388544402.958261
1388544402.960502
1388544402.966811
1388544402.971269
1388544402.974325
1388544402.976703
1388544402.978893
1388544402.981086
1388544402.983282
1388544402.985551
1388544402.987878
1388544402.990576
1388544402.993170
1388544402.996412
1388544402.999592
1388544403.004353
1388544403.007073
1388544403.009245
1388544403.011491
1388544403.013642
1388544403.015853
1388544403.018065
1388544403.020314
1388544403.022697
1388544403.026087
1388544403.028782
1388544403.034150
1388544403.037536
1388544403.040247
1388544403.042466
1388544403.044851
1388544403.046899
1388544403.049074
1388544403.051272
1388544403.053497
1388544403.056659
1388544403.059708
1388544403.063292
1388544403.068488
1388544403.070843
1388544403.073523
1388544403.075767
1388544403.078118
1388544403.080314
1388544403.082358
1388544403.084581
1388544403.088048
1388544403.090521
1388544403.094556
1388544403.097905
1388544403.100412
1388544403.102619
1388544403.105278
1388544403.107626
1388544403.109732
1388544403.111987
1388544403.114085
1388544403.116951
1388544403.119916
1388544403.123617
1388544403.127516
1388544403.130023
1388544403.132264
1388544403.134432
1388544403.152891
1388544403.156735
1388544403.159900
1388544403.162204
1388544403.164542
1388544403.166748
1388544403.168962
1388544403.171463
1388544403.173927
1388544403.179251
1388544403.182247
1388544403.186474
1388544403.189769
1388544403.191955
1388544403.194135
1388544403.196291
1388544403.198496
1388544403.200750
1388544403.202931
1388544403.205704
1388544403.208812
1388544403.212037
1388544403.219437
1388544403.222415
1388544403.224679
1388544403.226911
1388544403.229135
1388544403.231326
1388544403.233483
1388544403.235704
1388544403.239218
1388544403.242750
1388544403.245779
1388544403.249894
1388544403.252664
1388544403.255543
1388544403.257911
1388544403.260228
1388544403.262517
1388544403.264867
1388544403.267316
1388544403.272563
1388544403.275825
1388544403.281618
1388544403.284318
1388544403.286717
1388544403.289486
1388544403.291761
1388544403.294049
1388544403.296388
1388544403.298675
1388544403.302170
1388544403.305255
1388544403.309953
1388544403.312576
1388544403.314894
1388544403.317262
1388544403.319585
1388544403.322842
1388544403.325272
1388544403.327571
1388544403.330456
1388544403.333961
1388544403.337209
1388544403.342498
1388544403.344955
1388544403.347306
1388544403.349667
1388544403.351720
1388544403.354432
1388544403.356761
1388544403.359055
1388544403.362493
1388544403.365890
1388544403.369464
1388544403.373883
1388544403.376363
1388544403.378661
1388544403.380982
1388544403.383337
1388544403.385699
1388544403.388458
1388544403.390743
1388544403.394154
1388544403.396971
1388544403.400470
1388544403.405387
1388544403.407986
1388544403.410334
1388544403.412763
1388544403.415045
1388544403.417415
1388544403.420078
1388544403.424752
1388544403.427418
1388544403.430159
1388544403.436510
1388544403.438892
1388544403.441380
1388544403.443865
1388544403.446248
1388544403.448550
1388544403.450760
1388544403.453933
1388544403.457562
1388544403.460597
1388544403.465371
1388544403.467831
1388544403.470647
1388544403.473012
1388544403.475303
1388544403.477763
1388544403.480013
1388544403.482343
1388544403.486709
1388544403.490959
1388544403.495349
1388544403.497764
1388544403.500085
1388544403.502394
1388544403.505224
1388544403.507548
1388544403.509792
1388544403.512121
1388544403.514893
1388544403.519487
1388544403.523547
1388544403.526824
1388544403.529179
1388544403.531327
1388544403.533437
1388544403.535621
1388544403.538263
1388544403.540544
1388544403.542700
1388544403.547516
1388544403.550330
1388544403.554856
1388544403.558639
1388544403.561122
1388544403.563528
1388544403.565838
1388544403.568347
1388544403.571160
1388544403.573538
1388544403.578868
1388544403.581718
1388544403.586092
1388544403.589461
1388544403.591705
1388544403.594018
1388544403.596411
1388544403.598808
1388544403.601102
1388544403.603815
1388544403.606422
1388544403.609239
1388544403.612263
1388544403.617399
1388544403.620383
1388544403.622654
1388544403.625008
1388544403.627261
1388544403.629606
1388544403.631865
1388544403.634194
1388544403.636811
1388544403.640033
1388544403.643323
1388544403.648142
1388544403.650519
1388544403.653210
1388544403.655501
1388544403.657772
1388544403.660062
1388544403.662418
1388544403.665215
1388544403.671834
1388544403.674645
1388544403.680108
1388544403.682560
1388544403.685068
1388544403.687757
1388544403.690329
1388544403.693278
1388544403.695754
1388544403.698518
1388544403.701929
1388544403.704938
1388544403.710178
1388544403.712564
1388544403.714863
1388544403.717318
1388544403.720056
1388544403.722373
1388544403.724730
1388544403.727089
1388544403.730170
1388544403.733717
1388544403.737324
1388544403.741920
1388544403.744315
1388544403.746614
1388544403.748926
1388544403.751304
1388544403.754013
1388544403.756576
1388544403.759540
1388544403.764201
1388544403.767945
1388544403.772337
1388544403.774759
1388544403.777074
1388544403.779488
1388544403.781764
1388544403.784039
1388544403.786738
1388544403.788982
1388544403.791714
1388544403.795008
1388544403.797624
1388544403.802033
1388544403.805800
1388544403.808089
1388544403.810331
1388544403.812631
1388544403.814895
1388544403.817232
1388544403.820105
1388544403.822732
1388544403.826484
1388544403.830305
1388544403.834655
1388544403.837045
1388544403.839453
1388544403.841811
1388544403.844212
1388544403.846573
1388544403.848888
1388544403.851909
1388544403.858579
1388544403.862999
1388544403.866265
1388544403.869084
1388544403.871491
1388544403.873808
1388544403.876227
1388544403.878634
1388544403.881005
1388544403.883996
1388544403.887707
1388544403.890669
1388544403.895496
1388544403.898107
1388544403.900637
1388544403.903496
1388544403.905828
1388544403.908239
1388544403.910705
1388544403.913580
1388544403.916680
1388544403.919713
1388544403.923658
1388544403.927596
1388544403.930082
1388544403.932562
1388544403.935268
1388544403.937672
1388544403.940014
1388544403.942332
1388544403.945010
1388544403.948741
1388544403.953500
1388544403.957764
1388544403.960375
1388544403.962703
1388544403.965050
1388544403.967604
1388544403.970094
1388544403.972609
1388544403.975641
1388544403.979107
1388544403.982370
1388544403.986770
1388544403.989889
1388544403.992339
1388544403.994784
1388544403.997179
1388544403.999588
1388544404.002355
1388544404.004944
1388544404.008436
1388544404.011739
1388544404.016177
1388544404.019442
1388544404.021884
1388544404.024307
1388544404.026616
1388544404.029050
1388544404.031498
1388544404.034075
1388544404.036917
1388544404.040391
1388544404.043821
1388544404.048386
1388544404.051568
1388544404.053995
1388544404.056404
1388544404.058680
1388544404.061069
1388544404.063511
1388544404.065944
1388544404.070113
1388544404.073017
1388544404.077135
1388544404.080841
1388544404.083162
1388544404.086041
1388544404.088406
1388544404.090829
1388544404.093193
1388544404.095568
1388544404.098397
1388544404.101985
1388544404.104942
1388544404.109478
1388544404.112365
1388544404.114789
1388544404.117499
1388544404.119991
1388544404.122344
1388544404.124882
1388544404.127306
1388544404.130539
1388544404.134135
1388544404.138467
1388544404.141874
1388544404.144340
1388544404.146678
1388544404.149018
1388544404.151973
1388544404.154363
1388544404.156799
1388544404.160100
1388544404.163537
1388544404.166991
1388544404.171479
1388544404.173936
1388544404.176230
1388544404.178737
1388544404.181474
1388544404.184419
1388544404.186792
1388544404.189894
1388544404.193311
1388544404.196755
1388544404.201331
1388544404.204105
1388544404.206449
1388544404.208842
1388544404.211242
1388544404.213591
1388544404.216577
1388544404.219623
1388544404.223171
1388544404.226017
1388544404.230195
1388544404.233812
1388544404.236276
1388544404.238712
1388544404.241219
1388544404.243749
1388544404.246089
1388544404.248493
1388544404.252014
1388544404.257601
1388544404.262752
1388544404.264948
1388544404.267723
1388544404.270048
1388544404.272683
1388544404.274997
1388544404.277518
1388544404.279970
1388544404.282770
1388544404.286547
1388544404.290980
1388544404.294699
1388544404.297057
1388544404.299731
1388544404.302172
1388544404.304680
1388544404.307012
1388544404.309504
1388544404.312587
1388544404.316058
1388544404.318979
1388544404.324837
1388544404.327279
1388544404.329664
1388544404.332243
1388544404.334919
1388544404.337346
1388544404.339882
1388544404.342689
1388544404.347377
1388544404.350281
1388544404.355977
1388544404.358515
1388544404.361081
1388544404.363439
1388544404.366232
1388544404.368703
1388544404.371054
1388544404.373564
1388544404.376977
1388544404.380372
1388544404.385195
1388544404.387672
1388544404.390003
1388544404.392297
1388544404.394805
1388544404.397286
1388544404.400099
1388544404.402513
1388544404.405628
1388544404.408591
1388544404.412250
1388544404.416177
1388544404.418563
1388544404.420974
1388544404.423421
1388544404.425776
1388544404.428123
1388544404.430517
1388544404.433961
1388544404.437327
1388544404.439908
1388544404.443863
1388544404.447404
1388544404.450131
1388544404.452535
1388544404.454873
1388544404.457097
1388544404.459260
1388544404.461681
1388544404.463881
1388544404.466884
1388544404.469939
1388544404.474294
1388544404.477702
1388544404.480049
1388544404.482892
1388544404.485196
1388544404.487381
1388544404.489627
1388544404.491877
1388544404.494101
1388544404.498366
1388544404.501746
1388544404.506301
1388544404.508696
1388544404.511033
1388544404.513289
1388544404.515961
1388544404.518216
1388544404.520424
1388544404.522791
1388544404.525228
1388544404.528489
1388544404.531509
1388544404.535875
1388544404.539334
1388544404.541815
1388544404.544093
1388544404.546273
1388544404.548996
1388544404.551295
1388544404.553567
1388544404.556059
1388544404.561032
1388544404.564140
1388544404.569632
1388544404.572180
1388544404.574422
1388544404.576676
1388544404.578863
1388544404.581343
1388544404.583899
1388544404.586118
1388544404.588884
1388544404.592068
1388544404.595382
1388544404.600715
1388544404.603056
1388544404.605311
1388544404.607519
1388544404.609697
1388544404.612051
1388544404.614333
1388544404.617030
1388544404.620169
1388544404.623475
1388544404.626720
1388544404.631897
1388544404.634349
1388544404.636584
1388544404.638825
1388544404.641063
1388544404.643292
1388544404.645948
1388544404.648619
1388544404.653019
1388544404.655802
1388544404.659507
1388544404.663875
1388544404.666667
1388544404.668912
1388544404.671132
1388544404.673347
1388544404.675781
1388544404.678167
1388544404.680618
1388544404.685246
1388544404.688025
1388544404.692112
1388544404.695512
1388544404.698250
1388544404.700534
1388544404.702762
1388544404.704979
1388544404.707240
1388544404.709459
1388544404.712291
1388544404.716683
1388544404.720331
1388544404.724409
1388544404.726721
1388544404.728965
1388544404.731545
1388544404.733875
1388544404.736060
1388544404.738268
1388544404.740510
1388544404.744749
1388544404.747538
1388544404.751439
1388544404.755167
1388544404.757350
1388544404.759648
1388544404.761833
1388544404.764394
1388544404.766676
1388544404.768937
1388544404.771103
1388544404.774167
1388544404.777244
1388544404.780369
1388544404.785226
1388544404.788431
1388544404.790846
1388544404.793100
1388544404.795263
1388544404.798182
1388544404.800641
1388544404.803353
1388544404.808495
1388544404.811546
1388544404.816604
1388544404.819081
1388544404.821517
1388544404.823872
1388544404.826365
1388544404.828713
1388544404.831531
1388544404.834024
1388544404.837239
1388544404.840705
1388544404.844562
1388544404.848707
1388544404.851172
1388544404.853903
1388544404.856519
1388544404.858883
1388544404.861318
1388544404.863993
1388544404.867121
1388544404.871032
1388544404.874384
1388544404.878926
1388544404.881623
1388544404.883959
1388544404.886285
1388544404.888554
1388544404.890755
1388544404.893093
1388544404.895523
1388544404.898889
1388544404.901903
1388544404.904649
1388544404.909408
1388544404.912106
1388544404.914757
1388544404.917036
1388544404.919349
1388544404.921599
1388544404.923895
1388544404.926207
1388544404.929425
1388544404.932296
1388544404.935824
1388544404.940150
1388544404.942455
1388544404.944704
1388544404.947427
1388544404.949884
1388544404.952102
1388544404.954286
1388544404.956795
1388544404.959693
1388544404.963131
1388544404.966530
1388544404.971002
1388544404.973468
1388544404.975967
1388544404.978220
1388544404.981023
1388544404.983337
1388544404.985881
1388544404.988330
1388544404.994261
1388544404.998721
1388544405.002042
1388544405.004467
1388544405.006711
1388544405.009329
1388544405.011701
1388544405.014432
1388544405.016792
1388544405.019339
1388544405.024629
1388544405.028445
1388544405.032838
1388544405.035173
1388544405.037497
1388544405.039940
1388544405.042333
1388544405.044619
1388544405.047326
1388544405.050364
1388544405.053886
1388544405.057155
1388544405.061571
1388544405.064854
1388544405.067386
1388544405.070363
1388544405.073277
1388544405.077256
1388544405.090343
1388544405.097562
1388544405.102998
1388544405.108213
1388544405.114961
1388544405.117916
1388544405.122273
1388544405.125148
1388544405.128201
1388544405.132892
1388544405.137594
1388544405.144150
1388544405.172345
1388544405.177271
1388544405.184177
1388544405.186519
1388544405.188778
1388544405.191839
1388544405.197672
1388544405.201071
1388544405.203357
1388544405.205678
1388544405.208668
1388544405.212430
1388544405.215279
1388544405.219480
1388544405.222386
1388544405.225151
1388544405.227480
1388544405.230131
1388544405.232364
1388544405.234537
1388544405.236908
1388544405.240241
1388544405.243446
1388544405.247129
1388544405.250974
1388544405.253254
1388544405.255581
1388544405.257990
1388544405.260454
1388544405.263351
1388544405.265739
1388544405.268412
1388544405.271909
1388544405.275470
1388544405.279726
1388544405.282115
1388544405.284383
1388544405.286849
1388544405.289296
1388544405.291627
1388544405.293854
1388544405.296565
1388544405.299598
1388544405.302870
1388544405.306272
1388544405.310747
1388544405.313508
1388544405.315827
1388544405.318144
1388544405.320963
1388544405.323626
1388544405.326286
1388544405.329221
1388544405.332934
1388544405.335653
1388544405.339694
1388544405.343599
1388544405.346230
1388544405.348512
1388544405.350850
1388544405.353230
1388544405.355516
1388544405.357731
1388544405.360487
1388544405.363834
1388544405.366532
1388544405.371249
1388544405.373946
1388544405.376243
1388544405.378904
1388544405.381342
1388544405.383726
1388544405.386006
1388544405.388475
1388544405.391612
1388544405.395587
1388544405.399112
1388544405.403448
1388544405.405816
1388544405.408225
1388544405.410597
1388544405.413354
1388544405.415731
1388544405.417956
1388544405.420306
1388544405.423600
1388544405.426753
1388544405.430603
1388544405.434959
1388544405.437304
1388544405.439683
1388544405.441939
1388544405.444569
1388544405.447029
1388544405.449307
1388544405.451837
1388544405.456925
1388544405.460139
1388544405.464596
1388544405.466969
1388544405.469304
1388544405.471608
1388544405.473861
1388544405.476259
1388544405.478945
1388544405.481347
1388544405.484155
1388544405.487462
1388544405.490520
1388544405.495129
1388544405.497706
1388544405.499975
1388544405.502382
1388544405.504793
1388544405.507134
1388544405.509413
1388544405.512113
1388544405.517266
1388544405.520027
1388544405.524033
1388544405.527816
1388544405.530294
1388544405.532641
1388544405.534963
1388544405.537306
1388544405.539631
1388544405.541950
1388544405.544377
1388544405.549698
1388544405.553447
1388544405.557593
1388544405.560047
1388544405.562846
1388544405.565195
1388544405.567585
1388544405.569932
1388544405.572422
1388544405.574983
1388544405.578225
1388544405.582484
1388544405.587054
1388544405.590420
1388544405.593122
1388544405.595822
1388544405.598168
1388544405.600596
1388544405.602976
1388544405.605310
1388544405.608341
1388544405.611019
1388544405.614868
1388544405.619095
1388544405.621521
1388544405.623830
1388544405.626157
1388544405.628845
1388544405.631168
1388544405.633542
1388544405.636126
1388544405.641503
1388544405.645164
1388544405.649596
1388544405.651977
1388544405.654273
1388544405.656548
1388544405.658794
1388544405.661828
1388544405.664358
1388544405.666992
1388544405.670246
1388544405.673777
1388544405.678723
1388544405.682889
1388544405.685794
1388544405.688649
1388544405.691610
1388544405.695001
1388544405.698411
1388544405.702129
1388544405.704776
1388544405.708551
1388544405.712145
1388544405.714510
1388544405.716733
1388544405.718956
1388544405.721105
1388544405.723247
1388544405.725736
1388544405.728795
1388544405.732159
1388544405.734794
1388544405.738730
1388544405.742110
1388544405.744797
1388544405.746983
1388544405.749100
1388544405.751268
1388544405.753445
1388544405.755822
1388544405.758019
1388544405.760794
1388544405.764285
1388544405.767244
1388544405.772046
1388544405.774339
1388544405.776939
1388544405.779161
1388544405.781350
1388544405.783531
1388544405.785697
1388544405.787809
1388544405.790167
1388544405.794175
1388544405.796758
1388544405.800955
1388544405.804450
1388544405.806760
1388544405.809017
1388544405.811663
1388544405.813768
1388544405.816364
1388544405.818512
1388544405.820740
1388544405.825284
1388544405.828365
1388544405.833041
1388544405.835527
1388544405.837674
1388544405.840022
1388544405.842289
1388544405.845009
1388544405.847124
1388544405.849383
1388544405.851782
1388544405.856479
1388544405.859807
1388544405.864186
1388544405.866755
1388544405.869331
1388544405.871757
1388544405.874105
1388544405.876803
1388544405.879089
1388544405.881371
1388544405.885860
1388544405.888805
1388544405.892874
1388544405.896923
1388544405.899217
1388544405.901588
1388544405.904034
1388544405.906306
1388544405.908649
1388544405.911344
1388544405.913844
1388544405.916870
1388544405.920139
1388544405.923267
1388544405.928037
1388544405.930682
1388544405.933046
1388544405.935328
1388544405.937629
1388544405.939905
1388544405.942596
1388544405.945163
1388544405.948700
1388544405.951835
1388544405.955111
1388544405.959891
1388544405.962331
1388544405.964631
1388544405.966921
1388544405.969129
1388544405.971427
1388544405.973738
1388544405.976384
1388544405.981241
1388544405.984254
1388544405.989229
1388544405.992183
1388544405.994611
1388544405.996936
1388544405.999197
1388544406.001573
1388544406.003967
1388544406.006299
1388544406.008877
1388544406.012307
1388544406.015451
1388544406.020968
1388544406.023591
1388544406.026146
1388544406.028408
1388544406.030828
1388544406.033273
1388544406.035687
1388544406.038360
1388544406.042926
1388544406.046196
1388544406.050637
1388544406.054458
1388544406.056953
1388544406.059842
1388544406.062423
1388544406.064953
1388544406.067407
1388544406.071882
1388544406.075540
1388544406.079486
1388544406.083049
1388544406.085496
1388544406.088016
1388544406.090338
1388544406.093101
1388544406.095423
1388544406.097854
1388544406.101339
1388544406.104638
1388544406.107496
1388544406.112146
1388544406.114573
1388544406.116907
1388544406.119282
1388544406.121648
1388544406.124195
1388544406.126947
1388544406.129703
1388544406.134086
1388544406.137468
1388544406.142419
1388544406.145713
1388544406.148193
1388544406.150591
1388544406.153096
1388544406.155484
1388544406.158227
1388544406.163043
1388544406.165935
1388544406.170592
1388544406.175199
1388544406.177735
1388544406.180214
1388544406.182667
1388544406.185072
1388544406.187515
1388544406.189862
1388544406.193060
1388544406.196549
1388544406.200070
1388544406.205483
1388544406.208381
1388544406.210957
1388544406.213351
1388544406.215827
1388544406.218221
1388544406.220614
1388544406.223522
1388544406.226797
1388544406.229478
1388544406.234099
1388544406.248479
1388544406.251062
1388544406.254353
1388544406.257930
1388544406.261013
1388544406.266676
1388544406.269379
1388544406.271744
1388544406.274487
1388544406.277174
1388544406.279616
1388544406.282050
1388544406.285327
1388544406.288716
1388544406.291885
1388544406.297440
1388544406.300009
1388544406.302425
1388544406.304871
1388544406.307533
1388544406.310130
1388544406.312511
1388544406.315529
1388544406.319709
1388544406.322701
1388544406.327662
1388544406.330226
1388544406.332643
1388544406.335019
1388544406.337490
1388544406.339900
1388544406.342649
1388544406.345302
1388544406.349210
1388544406.352745
1388544406.357172
1388544406.359587
1388544406.362016
1388544406.364488
1388544406.366855
1388544406.369353
1388544406.371654
1388544406.374801
1388544406.378348
1388544406.381443
1388544406.385833
1388544406.389091
1388544406.392016
1388544406.394410
1388544406.396751
1388544406.399116
1388544406.401415
1388544406.403754
1388544406.406319
1388544406.409374
1388544406.411963
1388544406.416724
1388544406.419546
1388544406.421922
1388544406.424676
1388544406.427131
1388544406.429625
1388544406.432007
1388544406.434324
1388544406.439133
1388544406.441856
1388544406.445659
1388544406.449480
1388544406.451827
1388544406.454195
1388544406.456767
1388544406.459269
1388544406.461557
1388544406.463835
1388544406.466148
1388544406.469642
1388544406.472361
1388544406.476321
1388544406.480184
1388544406.482491
1388544406.484765
1388544406.487088
1388544406.489310
1388544406.492073
1388544406.494588
1388544406.496996
1388544406.500758
1388544406.503688
1388544406.508612
1388544406.512577
1388544406.514979
1388544406.517270
1388544406.519629
1388544406.521935
1388544406.524676
1388544406.526954
1388544406.530199
1388544406.533586
1388544406.536979
1388544406.541726
1388544406.544309
1388544406.546583
1388544406.548849
1388544406.551324
1388544406.553606
1388544406.556103
1388544406.558777
1388544406.562221
1388544406.565102
1388544406.569416
1388544406.573371
1388544406.575681
1388544406.577989
1388544406.580243
1388544406.582195
1388544406.584626
1388544406.587145
1388544406.589908
1388544406.593838
1388544406.596405
1388544406.601052
1388544406.604426
1388544406.607214
1388544406.609612
1388544406.611923
1388544406.614352
1388544406.616775
1388544406.619616
1388544406.622388
1388544406.625621
1388544406.628488
1388544406.633736
1388544406.636080
1388544406.638296
1388544406.640985
1388544406.643227
1388544406.645417
1388544406.647922
1388544406.650560
1388544406.654011
1388544406.656643
1388544406.660573
1388544406.664013
1388544406.666455
1388544406.668906
1388544406.671119
1388544406.673921
1388544406.676334
1388544406.678534
1388544406.680700
1388544406.684382
1388544406.687068
1388544406.691987
1388544406.695803
1388544406.698073
1388544406.700394
1388544406.702561
1388544406.704765
1388544406.707601
1388544406.709982
1388544406.712697
1388544406.716082
1388544406.719439
1388544406.725013
1388544406.727431
1388544406.729647
1388544406.731908
1388544406.734107
1388544406.736310
1388544406.738851
1388544406.741453
1388544406.744819
1388544406.747873
1388544406.751566
1388544406.756606
1388544406.759010
1388544406.761344
1388544406.763650
1388544406.765843
1388544406.768066
1388544406.770237
1388544406.773080
1388544406.776597
1388544406.779854
1388544406.784593
1388544406.789376
1388544406.791788
1388544406.794007
1388544406.796379
1388544406.798642
1388544406.800832
1388544406.803005
1388544406.807838
1388544406.810870
1388544406.815379
1388544406.818988
1388544406.821600
1388544406.824122
1388544406.826329
1388544406.828607
1388544406.830796
1388544406.833080
1388544406.836286
1388544406.839963
1388544406.843077
1388544406.848800
1388544406.851173
1388544406.853563
1388544406.856385
1388544406.858656
1388544406.860949
1388544406.863130
1388544406.866321
1388544406.870215
1388544406.873653
1388544406.878479
1388544406.880828
1388544406.883012
1388544406.885303
1388544406.887619
1388544406.890304
1388544406.892570
1388544406.894860
1388544406.901148
1388544406.905242
1388544406.908602
1388544406.910847
1388544406.913178
1388544406.915481
1388544406.917785
1388544406.919984
1388544406.922731
1388544406.925078
1388544406.927923
1388544406.931538
1388544406.934530
1388544406.939089
1388544406.942512
1388544406.945028
1388544406.947294
1388544406.949605
1388544406.951927
1388544406.954355
1388544406.957090
1388544406.960156
1388544406.963440
1388544406.967027
1388544406.971063
1388544406.973554
1388544406.976050
1388544406.978509
1388544406.980962
1388544406.983232
1388544406.985679
1388544406.988651
1388544406.992185
1388544406.995680
1388544406.999168
1388544407.004501
1388544407.006937
1388544407.009333
1388544407.011814
1388544407.014066
1388544407.016509
1388544407.018928
1388544407.023189
1388544407.026706
1388544407.030505
1388544407.034964
1388544407.037766
1388544407.040164
1388544407.042491
1388544407.044959
1388544407.047307
1388544407.049834
1388544407.054409
1388544407.057279
1388544407.062203
1388544407.064959
1388544407.067234
1388544407.069763
1388544407.072528
1388544407.074863
1388544407.077289
1388544407.079542
1388544407.084913
1388544407.087675
1388544407.091403
1388544407.095335
1388544407.097757
1388544407.100104
1388544407.102407
1388544407.105188
1388544407.107538
1388544407.109806
1388544407.113358
1388544407.118287
1388544407.123892
1388544407.127019
1388544407.129374
1388544407.131717
1388544407.134004
1388544407.136395
1388544407.139184
1388544407.141557
1388544407.145429
1388544407.149161
1388544407.152386
1388544407.158166
1388544407.160827
1388544407.163146
1388544407.165613
1388544407.167900
1388544407.170587
1388544407.173211
1388544407.176791
1388544407.180435
1388544407.184833
1388544407.189451
1388544407.191960
1388544407.194297
1388544407.196694
1388544407.199014
1388544407.201369
1388544407.204184
1388544407.207403
1388544407.210693
1388544407.214540
1388544407.219402
1388544407.222317
1388544407.224949
1388544407.227454
1388544407.229790
1388544407.232265
1388544407.234576
1388544407.237761
1388544407.241340
1388544407.244157
1388544407.249919
1388544407.252422
1388544407.255445
1388544407.257883
1388544407.260246
1388544407.262526
1388544407.264782
1388544407.267924
1388544407.271581
1388544407.274385
1388544407.281004
1388544407.283626
1388544407.286109
1388544407.288773
1388544407.291178
1388544407.293538
1388544407.295882
1388544407.298514
1388544407.301774
1388544407.305106
1388544407.310008
1388544407.312791
1388544407.315164
1388544407.317965
1388544407.320888
1388544407.323238
1388544407.325609
1388544407.328315
1388544407.333722
1388544407.337250
1388544407.342908
1388544407.345493
1388544407.347917
1388544407.350172
1388544407.352935
1388544407.355560
1388544407.358180
1388544407.361251
1388544407.364989
1388544407.368513
1388544407.373482
1388544407.376016
1388544407.378417
1388544407.380914
1388544407.383276
1388544407.386106
1388544407.388653
1388544407.391391
1388544407.394890
1388544407.397965
1388544407.403548
1388544407.406107
1388544407.408533
1388544407.410910
1388544407.413482
1388544407.416044
1388544407.418463
1388544407.421684
1388544407.425274
1388544407.428349
1388544407.433957
1388544407.436999
1388544407.439447
1388544407.441926
1388544407.444389
1388544407.446767
1388544407.449169
1388544407.452422
1388544407.455898
1388544407.459967
1388544407.464784
1388544407.467249
1388544407.470147
1388544407.472627
1388544407.475119
1388544407.477653
1388544407.479976
1388544407.482958
1388544407.486468
1388544407.489344
1388544407.494802
1388544407.497548
1388544407.500131
1388544407.502953
1388544407.505339
1388544407.507838
1388544407.510160
1388544407.512895
1388544407.516242
1388544407.519229
1388544407.525093
1388544407.527571
1388544407.530007
1388544407.532471
1388544407.534948
1388544407.537659
1388544407.540091
1388544407.542547
1388544407.546843
1388544407.550091
1388544407.555313
1388544407.559585
1388544407.562003
1388544407.564408
1388544407.566915
1388544407.569800
1388544407.572315
1388544407.574909
1388544407.578516
1388544407.581708
1388544407.587507
1388544407.590181
1388544407.592606
1388544407.594961
1388544407.597556
1388544407.599912
1388544407.602637
1388544407.605660
1388544407.609347
1388544407.613411
1388544407.618280
1388544407.620762
1388544407.623195
1388544407.625654
1388544407.628008
1388544407.630354
1388544407.632752
1388544407.636893
1388544407.640131
1388544407.643685
1388544407.648669
1388544407.651197
1388544407.653968
1388544407.656392
1388544407.658875
1388544407.661465
1388544407.663956
1388544407.668727
1388544407.671785
1388544407.676755
1388544407.680335
1388544407.682739
1388544407.685549
1388544407.688054
1388544407.690411
1388544407.692889
1388544407.695189
1388544407.698006
1388544407.701643
1388544407.704555
1388544407.710489
1388544407.713111
1388544407.715519
1388544407.718224
1388544407.720747
1388544407.723204
1388544407.725650
1388544407.728354
1388544407.731813
1388544407.734776
1388544407.740712
1388544407.743241
1388544407.745766
1388544407.748361
1388544407.750773
1388544407.753653
1388544407.756188
1388544407.759300
1388544407.762743
1388544407.765634
1388544407.771375
1388544407.774076
1388544407.776502
1388544407.778922
1388544407.781410
1388544407.783995
1388544407.786697
1388544407.789600
1388544407.792966
1388544407.796080
1388544407.801865
1388544407.804740
1388544407.807471
1388544407.810076
1388544407.812541
1388544407.814978
1388544407.817529
1388544407.820937
1388544407.824670
1388544407.827710
1388544407.833504
1388544407.836029
1388544407.838484
1388544407.841036
1388544407.843441
1388544407.845996
1388544407.848421
1388544407.852263
1388544407.855767
1388544407.860371
1388544407.865380
1388544407.868231
1388544407.870813
1388544407.873358
1388544407.875788
1388544407.878145
1388544407.880639
1388544407.884051
1388544407.886933
1388544407.889649
1388544407.895479
1388544407.898211
1388544407.901239
1388544407.903771
1388544407.906198
1388544407.908636
1388544407.910904
1388544407.913863
1388544407.918870
1388544407.924392
1388544407.927179
1388544407.929696
1388544407.932090
1388544407.935057
1388544407.937512
1388544407.939919
1388544407.942486
1388544407.946040
1388544407.948901
1388544407.954581
1388544407.957158
1388544407.959577
1388544407.962144
1388544407.964651
1388544407.967432
1388544407.969866
1388544407.973093
1388544407.976300
1388544407.978787
1388544407.984050
1388544407.987594
1388544407.990074
1388544407.992519
1388544407.994924
1388544407.997462
1388544408.000252
1388544408.002889
1388544408.008275
1388544408.012080
1388544408.017091
1388544408.019612
1388544408.022061
1388544408.024525
1388544408.026885
1388544408.029297
1388544408.031733
1388544408.034839
1388544408.038411
1388544408.042556
1388544408.048409
1388544408.051603
1388544408.054130
1388544408.056765
1388544408.059313
1388544408.061625
1388544408.063996
1388544408.068343
1388544408.072507
1388544408.076856
1388544408.081341
1388544408.084363
1388544408.086856
1388544408.088930
1388544408.091416
1388544408.093867
1388544408.096385
1388544408.101944
1388544408.106048
1388544408.110918
1388544408.113447
1388544408.116146
1388544408.118767
1388544408.121225
1388544408.123687
1388544408.126077
1388544408.130555
1388544408.133330
1388544408.137988
1388544408.141882
1388544408.144387
1388544408.146815
1388544408.149711
1388544408.152344
1388544408.154784
1388544408.157240
1388544408.160058
1388544408.164039
1388544408.168113
1388544408.172994
1388544408.175676
1388544408.178226
1388544408.180785
1388544408.183696
1388544408.186160
1388544408.188625
1388544408.192334
1388544408.195215
1388544408.199759
1388544408.203699
1388544408.206122
1388544408.208647
1388544408.210964
1388544408.213324
1388544408.215986
1388544408.218379
1388544408.221407
1388544408.225195
1388544408.228632
1388544408.234266
1388544408.236813
1388544408.239368
1388544408.241876
1388544408.244491
1388544408.246945
1388544408.250009
1388544408.252936
1388544408.256620
1388544408.260429
1388544408.265367
1388544408.267842
1388544408.270281
1388544408.272706
1388544408.275152
1388544408.277543
1388544408.279935
1388544408.283747
1388544408.287371
1388544408.290267
1388544408.295971
1388544408.298885
1388544408.301514
1388544408.303943
1388544408.306437
1388544408.308900
1388544408.311453
1388544408.314991
1388544408.319407
1388544408.325029
1388544408.327968
1388544408.330429
1388544408.333259
1388544408.335774
1388544408.338351
1388544408.340887
1388544408.343805
1388544408.347510
1388544408.350571
1388544408.356072
1388544408.358649
1388544408.361204
1388544408.363651
1388544408.366546
1388544408.369046
1388544408.371555
1388544408.376208
1388544408.379251
1388544408.383752
1388544408.388060
1388544408.390577
1388544408.393058
1388544408.395535
1388544408.398012
1388544408.400817
1388544408.403353
1388544408.408666
1388544408.412938
1388544408.417783
1388544408.420267
1388544408.422653
1388544408.425054
1388544408.427709
1388544408.430098
1388544408.432903
1388544408.436420
1388544408.440148
1388544408.444169
1388544408.448795
1388544408.451270
1388544408.453674
1388544408.456092
1388544408.458502
1388544408.461160
1388544408.463789
1388544408.468329
1388544408.471714
1388544408.474694
1388544408.480420
1388544408.483377
1388544408.486078
1388544408.488550
1388544408.490942
1388544408.493527
1388544408.496139
1388544408.500833
1388544408.503938
1388544408.508943
1388544408.512953
1388544408.515911
1388544408.518431
1388544408.520923
1388544408.523318
1388544408.525754
1388544408.528598
1388544408.532239
1388544408.535758
1388544408.541290
1388544408.544060
1388544408.546636
1388544408.549557
1388544408.551963
1388544408.554385
1388544408.557314
1388544408.560542
1388544408.564009
1388544408.568133
1388544408.573566
1388544408.576046
1388544408.578694
1388544408.581524
1388544408.584081
1388544408.586568
1388544408.588985
1388544408.592116
1388544408.596886
1388544408.601915
1388544408.605186
1388544408.607640
1388544408.610063
1388544408.612581
1388544408.615590
1388544408.618076
1388544408.622721
1388544408.625352
1388544408.629634
1388544408.633929
1388544408.636723
1388544408.639183
1388544408.641673
1388544408.644003
1388544408.646438
1388544408.649242
1388544408.653247
1388544408.656081
1388544408.659382
1388544408.664289
1388544408.667094
1388544408.674058
1388544408.676503
1388544408.679027
1388544408.682195
1388544408.685877
1388544408.688936
1388544408.694729
1388544408.697559
1388544408.700051
1388544408.702450
1388544408.704838
1388544408.707211
1388544408.709626
1388544408.714924
1388544408.717732
1388544408.721931
1388544408.726513
1388544408.728976
1388544408.731667
1388544408.734023
1388544408.736416
1388544408.738757
1388544408.741162
1388544408.745311
1388544408.748936
1388544408.753699
1388544408.758356
1388544408.761044
1388544408.763696
1388544408.766111
1388544408.768537
1388544408.770863
1388544408.773839
1388544408.777499
1388544408.780690
1388544408.786146
1388544408.788808
1388544408.791240
1388544408.793638
1388544408.796075
1388544408.798728
1388544408.801202
1388544408.804150
1388544408.807587
1388544408.811012
1388544408.816828
1388544408.819323
1388544408.821642
1388544408.823910
1388544408.826626
1388544408.829264
1388544408.832003
1388544408.837121
1388544408.840026
1388544408.844358
1388544408.848679
1388544408.851131
1388544408.853483
1388544408.855975
1388544408.858347
1388544408.860674
1388544408.863316
1388544408.866235
1388544408.869678
1388544408.872319
1388544408.877938
1388544408.880950
1388544408.883381
1388544408.885786
1388544408.888196
1388544408.890604
1388544408.892982
1388544408.895550
1388544408.899474
1388544408.902760
1388544408.907714
1388544408.911180
1388544408.914035
1388544408.916404
1388544408.918763
1388544408.921184
1388544408.923572
1388544408.925864
1388544408.929229
1388544408.932213
1388544408.935690
1388544408.941019
1388544408.943457
1388544408.946053
1388544408.948423
1388544408.950685
1388544408.953051
1388544408.955296
1388544408.957826
1388544408.961171
1388544408.964275
1388544408.969073
1388544408.972391
1388544408.974759
1388544408.976984
1388544408.979724
1388544408.982188
1388544408.984706
1388544408.987151
1388544408.990797
1388544408.993765
1388544408.997552
1388544409.002498
1388544409.005257
1388544409.007742
1388544409.010208
1388544409.013152
1388544409.015565
1388544409.018115
1388544409.023127
1388544409.026414
1388544409.032471
1388544409.035015
1388544409.037417
1388544409.039814
1388544409.042196
1388544409.044714
1388544409.047567
1388544409.051083
1388544409.054690
1388544409.057252
1388544409.062731
1388544409.065303
1388544409.067766
1388544409.070123
1388544409.072582
1388544409.074834
1388544409.077071
1388544409.080692
1388544409.084010
1388544409.086752
1388544409.092348
1388544409.094819
1388544409.097531
1388544409.099793
1388544409.102100
1388544409.104376
1388544409.106434
1388544409.118933
1388544409.124444
1388544409.126935
1388544409.129718
1388544409.132101
1388544409.134348
1388544409.136559
1388544409.138775
1388544409.141139
1388544409.143783
1388544409.147243
1388544409.152439
1388544409.156959
1388544409.159378
1388544409.162798
1388544409.165309
1388544409.167552
1388544409.169690
1388544409.171961
1388544409.174748
1388544409.177891
1388544409.181293
1388544409.186459
1388544409.188822
1388544409.191120
1388544409.193425
1388544409.195917
1388544409.198200
1388544409.200469
1388544409.202631
1388544409.205367
1388544409.208971
1388544409.212631
1388544409.227210
1388544409.229989
1388544409.232242
1388544409.234561
1388544409.237336
1388544409.241954
1388544409.246173
1388544409.249846
1388544409.252343
1388544409.254696
1388544409.257073
1388544409.259813
1388544409.262429
1388544409.265575
1388544409.279636
1388544409.282195
1388544409.284811
1388544409.289696
1388544409.305224
1388544409.316520
1388544409.319134
1388544409.321699
1388544409.324972
1388544409.330544
1388544409.333403
1388544409.340627
1388544409.343241
1388544409.352056
1388544409.360276
1388544409.365282
1388544409.369864
1388544409.372461
1388544409.374828
1388544409.377502
1388544409.379941
1388544409.382518
1388544409.385289
1388544409.387777
1388544409.391190
1388544409.396327
1388544409.401245
1388544409.403842
1388544409.406224
1388544409.408736
1388544409.411696
1388544409.414127
1388544409.416526
1388544409.419009
1388544409.422195
1388544409.425549
1388544409.429966
1388544409.432918
1388544409.435388
1388544409.437830
1388544409.440287
1388544409.442663
1388544409.445464
1388544409.447811
1388544409.451471
1388544409.455440
1388544409.459687
1388544409.462888
1388544409.465395
1388544409.467855
1388544409.470240
1388544409.472731
1388544409.475125
1388544409.478158
1388544409.482136
1388544409.485189
1388544409.488780
1388544409.493238
1388544409.495666
1388544409.498064
1388544409.500579
1388544409.503037
1388544409.505435
1388544409.507875
1388544409.510739
1388544409.514003
1388544409.517246
1388544409.522084
1388544409.524693
1388544409.527580
1388544409.530048
1388544409.532538
1388544409.535009
1388544409.537438
1388544409.539836
1388544409.543576
1388544409.546732
1388544409.549600
1388544409.555262
1388544409.557856
1388544409.560735
1388544409.563186
1388544409.565575
1388544409.568003
1388544409.570359
1388544409.574078
1388544409.577320
1388544409.581082
1388544409.585973
1388544409.588802
1388544409.591205
1388544409.594021
1388544409.596477
1388544409.599046
1388544409.601739
1388544409.606474
1388544409.609332
1388544409.615036
1388544409.617675
1388544409.620138
1388544409.622552
1388544409.624940
1388544409.627619
1388544409.629953
1388544409.636077
1388544409.638884
1388544409.643755
1388544409.647372
1388544409.649700
1388544409.652041
1388544409.654418
1388544409.656927
1388544409.659737
1388544409.663128
1388544409.667502
1388544409.670225
1388544409.674376
1388544409.678583
1388544409.681160
1388544409.683798
1388544409.686316
1388544409.688940
1388544409.691394
1388544409.694194
1388544409.697239
1388544409.700456
1388544409.703170
1388544409.708712
1388544409.711373
1388544409.713885
1388544409.716186
1388544409.718528
1388544409.720911
1388544409.723309
1388544409.726043
1388544409.729858
1388544409.732725
1388544409.736496
1388544409.741204
1388544409.744152
1388544409.746574
1388544409.748973
1388544409.751381
1388544409.753807
1388544409.756732
1388544409.760198
1388544409.762870
1388544409.767624
1388544409.771635
1388544409.774049
1388544409.776989
1388544409.779358
1388544409.781734
1388544409.784077
1388544409.786720
1388544409.790424
1388544409.793352
1388544409.796757
1388544409.801479
1388544409.803932
1388544409.806335
1388544409.809129
1388544409.811679
1388544409.814088
1388544409.816519
1388544409.819188
1388544409.822464
1388544409.826601
1388544409.831643
1388544409.834514
1388544409.836894
1388544409.839172
1388544409.841603
1388544409.844234
1388544409.846529
1388544409.851798
1388544409.856922
1388544409.862516
1388544409.865251
1388544409.867457
1388544409.869764
1388544409.872022
1388544409.874236
1388544409.876986
1388544409.879594
1388544409.883177
1388544409.886322
1388544409.891425
1388544409.893824
1388544409.896203
1388544409.898425
1388544409.900735
1388544409.903004
1388544409.905318
1388544409.907635
1388544409.910857
1388544409.914401
1388544409.917803
1388544409.922417
1388544409.925431
1388544409.927727
1388544409.930054
1388544409.932418
1388544409.934637
1388544409.936920
1388544409.939224
1388544409.943084
1388544409.946584
1388544409.951206
1388544409.954424
1388544409.956617
1388544409.959772
1388544409.962242
1388544409.964476
1388544409.966666
1388544409.968997
1388544409.971777
1388544409.974971
1388544409.977635
1388544409.981926
1388544409.985106
1388544409.987385
1388544409.989650
1388544409.992516
1388544409.994748
1388544409.996958
1388544409.999138
1388544410.001865
1388544410.005161
1388544410.007819
1388544410.012877
1388544410.015299
1388544410.017530
1388544410.019749
1388544410.022022
1388544410.024776
1388544410.027188
1388544410.029437
1388544410.032083
1388544410.035531
1388544410.039114
1388544410.043728
1388544410.046558
1388544410.048999
1388544410.051290
1388544410.053539
1388544410.055761
1388544410.058458
1388544410.061040
1388544410.064793
1388544410.067806
1388544410.071843
1388544410.076685
1388544410.078973
1388544410.081257
1388544410.083456
1388544410.085706
1388544410.087964
1388544410.090319
1388544410.093729
1388544410.097006
1388544410.100178
1388544410.105870
1388544410.108941
1388544410.111248
1388544410.113428
1388544410.115690
1388544410.117979
1388544410.120157
1388544410.122455
1388544410.126972
1388544410.130041
1388544410.134607
1388544410.138110
1388544410.140890
1388544410.143354
1388544410.145630
1388544410.147816
1388544410.150122
1388544410.152444
1388544410.155565
1388544410.158853
1388544410.161401
1388544410.165644
1388544410.169985
1388544410.172367
1388544410.175122
1388544410.177455
1388544410.179720
1388544410.181928
1388544410.184330
1388544410.188704
1388544410.195508
1388544410.202436
1388544410.209769
1388544410.212968
1388544410.218266
1388544410.224634
1388544410.234719
1388544410.239166
1388544410.244502
1388544410.249463
1388544410.259729
1388544410.266801
1388544410.270527
1388544410.304265
1388544410.312048
1388544410.319382
1388544410.327964
1388544410.332347
1388544410.336988
1388544410.342470
1388544410.349418
1388544410.355725
1388544410.360138
1388544410.364323
1388544410.368508
1388544410.376083
1388544410.380626
1388544410.386920
1388544410.393540
1388544410.397674
1388544410.405351
1388544410.413063
1388544410.417609
1388544410.420143
1388544410.422814
1388544410.425286
1388544410.427546
1388544410.429966
1388544410.433296
1388544410.436840
1388544410.441594
1388544410.446477
1388544410.449004
1388544410.451241
1388544410.453601
1388544410.456289
1388544410.458655
1388544410.461173
1388544410.464899
1388544410.468098
1388544410.471650
1388544410.477709
1388544410.480225
1388544410.482563
1388544410.484960
1388544410.487291
1388544410.490007
1388544410.492783
1388544410.497981
1388544410.501227
1388544410.505988
1388544410.508381
1388544410.510603
1388544410.512993
1388544410.515184
1388544410.517488
1388544410.519692
1388544410.522166
1388544410.527248
1388544410.530367
1388544410.535110
1388544410.538358
1388544410.541179
1388544410.543369
1388544410.545668
1388544410.548035
1388544410.550149
1388544410.552352
1388544410.556671
1388544410.559747
1388544410.563343
1388544410.567246
1388544410.569525
1388544410.572021
1388544410.574436
1388544410.576652
1388544410.579187
1388544410.581353
1388544410.583643
1388544410.587211
1388544410.592035
1388544410.596313
1388544410.598538
1388544410.600774
1388544410.603034
1388544410.605738
1388544410.608047
1388544410.610267
1388544410.612569
1388544410.614902
1388544410.618310
1388544410.621127
1388544410.623982
1388544410.629161
1388544410.631628
1388544410.633902
1388544410.636203
1388544410.638779
1388544410.641135
1388544410.643375
1388544410.645688
1388544410.651205
1388544410.655160
1388544410.660068
1388544410.662546
1388544410.664953
1388544410.667224
1388544410.669455
1388544410.672550
1388544410.675136
1388544410.678402
1388544410.681784
1388544410.686779
1388544410.692537
1388544410.695388
1388544410.698105
1388544410.700859
1388544410.703877
1388544410.707342
1388544410.711813
1388544410.715465
1388544410.720128
1388544410.723166
1388544410.725342
1388544410.727420
1388544410.729533
1388544410.731577
1388544410.733647
1388544410.735818
1388544410.739166
1388544410.742352
1388544410.745557
1388544410.749223
1388544410.752315
1388544410.754667
1388544410.757051
1388544410.759119
1388544410.761154
1388544410.763412
1388544410.765553
1388544410.767828
1388544410.771485
1388544410.774750
1388544410.778609
1388544410.782600
1388544410.784839
1388544410.787446
1388544410.790056
1388544410.792261
1388544410.794440
1388544410.796625
1388544410.798904
1388544410.802514
1388544410.805428
1388544410.811129
1388544410.814610
1388544410.816947
1388544410.819504
1388544410.822248
1388544410.824520
1388544410.826722
1388544410.828922
1388544410.833290
1388544410.835998
1388544410.840141
1388544410.843785
1388544410.846087
1388544410.848428
1388544410.850758
1388544410.853006
1388544410.855641
1388544410.857876
1388544410.860268
1388544410.863301
1388544410.866799
1388544410.870153
1388544410.875350
1388544410.877837
1388544410.880122
1388544410.882378
1388544410.884819
1388544410.887325
1388544410.889939
1388544410.893118
1388544410.896503
1388544410.899603
1388544410.904349
1388544410.907914
1388544410.910172
1388544410.912461
1388544410.914804
1388544410.917211
1388544410.919451
1388544410.921882
1388544410.924479
1388544410.927768
1388544410.930365
1388544410.935401
1388544410.938235
1388544410.940539
1388544410.942753
1388544410.945045
1388544410.947354
1388544410.949580
1388544410.951819
1388544410.956406
1388544410.960161
1388544410.964091
1388544410.968521
1388544410.971273
1388544410.973691
1388544410.976119
1388544410.978336
1388544410.980587
1388544410.982801
1388544410.986672
1388544410.989901
1388544410.993160
1388544410.998654
1388544411.001093
1388544411.003792
1388544411.006158
1388544411.008490
1388544411.010690
1388544411.012904
1388544411.015503
1388544411.018567
1388544411.021984
1388544411.027562
1388544411.030130
1388544411.032861
1388544411.035318
1388544411.038070
1388544411.040605
1388544411.042966
1388544411.047741
1388544411.050635
1388544411.055540
1388544411.059368
1388544411.061738
1388544411.064121
1388544411.066481
1388544411.068874
1388544411.071778
1388544411.074288
1388544411.076991
1388544411.080258
1388544411.082634
1388544411.087823
1388544411.091404
1388544411.093819
1388544411.096223
1388544411.098597
1388544411.100930
1388544411.103696
1388544411.106260
1388544411.109650
1388544411.112482
1388544411.116116
1388544411.121180
1388544411.123589
1388544411.125889
1388544411.128204
1388544411.130573
1388544411.133005
1388544411.135404
1388544411.138620
1388544411.141962
1388544411.145215
1388544411.151055
1388544411.154029
1388544411.156459
1388544411.158782
1388544411.161163
1388544411.163799
1388544411.166465
1388544411.170111
1388544411.173718
1388544411.177581
1388544411.182454
1388544411.184997
1388544411.187986
1388544411.190390
1388544411.192772
1388544411.195172
1388544411.197586
1388544411.200526
1388544411.203913
1388544411.206869
1388544411.212735
1388544411.215259
1388544411.217656
1388544411.220558
1388544411.222955
1388544411.225343
1388544411.227740
1388544411.230537
1388544411.234045
1388544411.237094
1388544411.242818
1388544411.245533
1388544411.247999
1388544411.250347
1388544411.253316
1388544411.255756
1388544411.258372
1388544411.261962
1388544411.265534
1388544411.268936
1388544411.274055
1388544411.276567
1388544411.278977
1388544411.281379
1388544411.283763
1388544411.286444
1388544411.288836
1388544411.292385
1388544411.295836
1388544411.298772
1388544411.304124
1388544411.306625
1388544411.309122
1388544411.311507
1388544411.314386
1388544411.316973
1388544411.319938
1388544411.322904
1388544411.326617
1388544411.330311
1388544411.334994
1388544411.337605
1388544411.340047
1388544411.342431
1388544411.344785
1388544411.347207
1388544411.350442
1388544411.356942
1388544411.360318
1388544411.364726
1388544411.367263
1388544411.370089
1388544411.372564
1388544411.374857
1388544411.377370
1388544411.379777
1388544411.384050
1388544411.386294
1388544411.389937
1388544411.394164
1388544411.396648
1388544411.398682
1388544411.401252
1388544411.404041
1388544411.406355
1388544411.408831
1388544411.411207
1388544411.414527
1388544411.417443
1388544411.421125
1388544411.425175
1388544411.427656
1388544411.430032
1388544411.432535
1388544411.435125
1388544411.437677
1388544411.439975
1388544411.442318
1388544411.446268
1388544411.449200
1388544411.453162
1388544411.457569
1388544411.460399
1388544411.462879
1388544411.465291
1388544411.467633
1388544411.470315
1388544411.472768
1388544411.475601
1388544411.479118
1388544411.482353
1388544411.488063
1388544411.490719
1388544411.493077
1388544411.495340
1388544411.497845
1388544411.500227
1388544411.502849
1388544411.506230
1388544411.510035
1388544411.513117
1388544411.518357
1388544411.521360
1388544411.524960
1388544411.527357
1388544411.529905
1388544411.532314
1388544411.535652
1388544411.539385
1388544411.542206
1388544411.546316
1388544411.550760
1388544411.553665
1388544411.556161
1388544411.558772
1388544411.561164
1388544411.563815
1388544411.566417
1388544411.569578
1388544411.573329
1388544411.576599
1388544411.582143
1388544411.585081
1388544411.587564
1388544411.589960
1388544411.592269
1388544411.594621
1388544411.597190
1388544411.600758
1388544411.603887
1388544411.607606
1388544411.612169
1388544411.614657
1388544411.617370
1388544411.619983
1388544411.622337
1388544411.624705
1388544411.627044
1388544411.632273
1388544411.635476
1388544411.639358
1388544411.644184
1388544411.646527
1388544411.648944
1388544411.651741
1388544411.654051
1388544411.656283
1388544411.658883
1388544411.664642
1388544411.668254
1388544411.672975
1388544411.675399
1388544411.678004
1388544411.680397
1388544411.682669
1388544411.685263
1388544411.687517
1388544411.692808
1388544411.696018
1388544411.699857
1388544411.704312
1388544411.706739
1388544411.709032
1388544411.711266
1388544411.713608
1388544411.715815
1388544411.718427
1388544411.721270
1388544411.724940
1388544411.728440
1388544411.733703
1388544411.736283
1388544411.738788
1388544411.741074
1388544411.743274
1388544411.745469
1388544411.747798
1388544411.750696
1388544411.754369
1388544411.757488
1388544411.761877
1388544411.765866
1388544411.768441
1388544411.770702
1388544411.773003
1388544411.775261
1388544411.777441
1388544411.779692
1388544411.782407
1388544411.786035
1388544411.789190
1388544411.794359
1388544411.797022
1388544411.799309
1388544411.801953
1388544411.804312
1388544411.806592
1388544411.808906
1388544411.811184
1388544411.817592
1388544411.821267
1388544411.826272
1388544411.828634
1388544411.830876
1388544411.833508
1388544411.835966
1388544411.838206
1388544411.840461
1388544411.845043
1388544411.848264
1388544411.852931
1388544411.856783
1388544411.859085
1388544411.861367
1388544411.863665
1388544411.866217
1388544411.868819
1388544411.871084
1388544411.876129
1388544411.878862
1388544411.883945
1388544411.887274
1388544411.889583
1388544411.891877
1388544411.894164
1388544411.896586
1388544411.899121
1388544411.901813
1388544411.904812
1388544411.910103
1388544411.915139
1388544411.918488
1388544411.920955
1388544411.923266
1388544411.925660
1388544411.927991
1388544411.930791
1388544411.936779
1388544411.940250
1388544411.944887
1388544411.949209
1388544411.951904
1388544411.954322
1388544411.956568
1388544411.958812
1388544411.961185
1388544411.963427
1388544411.968531
1388544411.971367
1388544411.976625
1388544411.980346
1388544411.983010
1388544411.985407
1388544411.987743
1388544411.989997
1388544411.992258
1388544411.994500
1388544411.997301
1388544412.000622
1388544412.003823
1388544412.009511
1388544412.012129
1388544412.015158
1388544412.018195
1388544412.020547
1388544412.022758
1388544412.025033
1388544412.027901
1388544412.031476
1388544412.035137
1388544412.040778
1388544412.043173
1388544412.045451
1388544412.047734
1388544412.050741
1388544412.053356
1388544412.055645
1388544412.060510
1388544412.063377
1388544412.069054
1388544412.072406
1388544412.074830
1388544412.077240
1388544412.079405
1388544412.081714
1388544412.084345
1388544412.086547
1388544412.090753
1388544412.094232
1388544412.098842
1388544412.102143
1388544412.104549
1388544412.106762
1388544412.109021
1388544412.111216
1388544412.113545
1388544412.116470
1388544412.120279
1388544412.124209
1388544412.128113
1388544412.134304
1388544412.137873
1388544412.140837
1388544412.143628
1388544412.146462
1388544412.152684
1388544412.155878
1388544412.159638
1388544412.164798
1388544412.167566
1388544412.169939
1388544412.172276
1388544412.174503
1388544412.176787
1388544412.180193
1388544412.184133
1388544412.187425
1388544412.192857
1388544412.195289
1388544412.197767
1388544412.200831
1388544412.203106
1388544412.205455
1388544412.207711
1388544412.210915
1388544412.214339
1388544412.217215
1388544412.220929
1388544412.226047
1388544412.228459
1388544412.230980
1388544412.233798
1388544412.236095
1388544412.238314
1388544412.243133
1388544412.247553
1388544412.250838
1388544412.256541
1388544412.258946
1388544412.261323
1388544412.263629
1388544412.266333
1388544412.268687
1388544412.271581
1388544412.275157
1388544412.278041
1388544412.282646
1388544412.286205
1388544412.288657
1388544412.290940
1388544412.293279
1388544412.295546
1388544412.298116
1388544412.300861
1388544412.304290
1388544412.307187
1388544412.310374
1388544412.316707
1388544412.319063
1388544412.321396
1388544412.323754
1388544412.325972
1388544412.328289
1388544412.330711
1388544412.333775
1388544412.337583
1388544412.342284
1388544412.346472
1388544412.349426
1388544412.351753
1388544412.354001
1388544412.356348
1388544412.358558
1388544412.360813
1388544412.363503
1388544412.367676
1388544412.370870
1388544412.374876
1388544412.379157
1388544412.381787
1388544412.384202
1388544412.386520
1388544412.388791
1388544412.391184
1388544412.393431
1388544412.396718
1388544412.399763
1388544412.403896
1388544412.408128
1388544412.410504
1388544412.412735
1388544412.415516
1388544412.417718
1388544412.419992
1388544412.422244
1388544412.424505
1388544412.428408
1388544412.431833
1388544412.435708
1388544412.439541
1388544412.442209
1388544412.444932
1388544412.447873
1388544412.450118
1388544412.452376
1388544412.454563
1388544412.457556
1388544412.461263
1388544412.465601
1388544412.469827
1388544412.472288
1388544412.474541
1388544412.476743
1388544412.479034
1388544412.481708
1388544412.484001
1388544412.486230
1388544412.490271
1388544412.493417
1388544412.498179
1388544412.501226
1388544412.503573
1388544412.505922
1388544412.508237
1388544412.510448
1388544412.512767
1388544412.515506
1388544412.517877
1388544412.520904
1388544412.524029
1388544412.527530
1388544412.532692
1388544412.535062
1388544412.537786
1388544412.540060
1388544412.542306
1388544412.544558
1388544412.547499
1388544412.552508
1388544412.555459
1388544412.559403
1388544412.564421
1388544412.566801
1388544412.569123
1388544412.571431
1388544412.573773
1388544412.576295
1388544412.578597
1388544412.581763
1388544412.585567
1388544412.588643
1388544412.594280
1388544412.597205
1388544412.599532
1388544412.601808
1388544412.604149
1388544412.606493
1388544412.609608
1388544412.613077
1388544412.617343
1388544412.620405
1388544412.625197
1388544412.627992
1388544412.630826
1388544412.632929
1388544412.634876
1388544412.637446
1388544412.639754
1388544412.642093
1388544412.645245
1388544412.648273
1388544412.651172
1388544412.654437
1388544412.656437
1388544412.658340
1388544412.661115
1388544412.664377
1388544412.666464
1388544412.668816
1388544412.671726
1388544412.675889
1388544412.678440
1388544412.681542
1388544412.685493
1388544412.688119
1388544412.690080
1388544412.692170
1388544412.694601
1388544412.697064
1388544412.699042
1388544412.701055
1388544412.703481
1388544412.706299
1388544412.709982
1388544412.712394
1388544412.714648
1388544412.716664
1388544412.718686
1388544412.720600
1388544412.722432
1388544412.724849
1388544412.729455
1388544412.731533
1388544412.733843
1388544412.737656
1388544412.740323
1388544412.742341
1388544412.744344
1388544412.747159
1388544412.750737
1388544412.753621
1388544412.755674
1388544412.757950
1388544412.759863
1388544412.761797
1388544412.764464
1388544412.767453
1388544412.770280
1388544412.773740
1388544412.776556
1388544412.778616
