--------------------------------
Statistics for fault 1:
Tests which expose this fault: 
	204 272 380 425 472 489 652 653 947 1099 
	1786 1787 1827 1938 1939 1940 2015 2040 2043 2060 
	2062 2079 2080 2265 2266 2898 2899 2966 2967 2972 
	2973 4402 4419 4485 4586 4588 4593 4594 4596 4598 
	5039 5040 5041 5062 5063 5115 5116 5117 5118 5119 
	5120 5125 5126 5262 5263 5448 5449 5450 5504 5505 
	5509 5513 5514 5518 5524 5525 5533 5535 
Percentage of tests which expose this fault is 1.22699 %
--------------------------------
Statistics for fault 2:
Tests which expose this fault: 
	272 425 472 489 652 653 947 1099 1786 1787 
	1938 1939 1940 2015 2265 2266 2898 2966 2967 2972 
	2973 4586 5062 5063 5115 5116 5117 5118 5119 5120 
	5262 5263 5448 5449 5450 5524 5525 
Percentage of tests which expose this fault is 0.66763 %
--------------------------------
Statistics for fault 3:
Tests which expose this fault: 
	6 7 8 754 824 863 882 890 1067 1108 
	1109 1204 1213 2327 2645 2646 2647 2648 2649 2650 
	2651 2652 2654 2655 2656 2657 2658 2659 2660 2661 
	2662 2663 3163 3166 3168 3170 3629 3630 3631 3634 
	3635 3637 3638 3639 3765 4112 4148 4174 4181 4187 
	4215 4216 4291 4327 4328 4411 4585 4617 4688 4917 
	4944 4946 5164 5321 5324 5325 5327 5330 5332 5333 
	5334 5374 5423 5477 5478 5483 5484 5485 5486 5488 
	5489 5490 5493 5494 5495 5496 5497 5498 5499 5500 
	5501 5502 5503 5504 5505 5506 5507 5508 5509 5510 
	5511 5512 5513 5515 5516 5517 5518 5519 5520 5521 
	5522 5523 5524 5525 5526 5527 5528 5529 5530 5531 
	5532 5533 5534 5535 5536 5537 5538 5539 5540 5541 
Percentage of tests which expose this fault is 2.34572 %
--------------------------------
Statistics for fault 4:
Tests which expose this fault: 
	6 7 8 76 77 79 80 81 82 335 
	353 355 754 824 863 882 890 1067 1108 1109 
	1204 1205 1213 1240 1644 1645 1646 2327 2648 2650 
	2656 2659 3166 3167 3168 3170 3628 3629 3630 3631 
	3632 3633 3634 3635 3637 3638 3639 3765 3766 3859 
	4048 4049 4050 4051 4112 4174 4181 4187 4196 4215 
	4216 4291 4327 4328 4411 4578 4585 4617 4674 5321 
	5322 5323 5324 5325 5327 5328 5329 5330 5331 5332 
	5333 5334 5335 5374 5423 5424 5477 5478 5483 5484 
	5485 5486 5488 5489 5490 5493 5494 5495 5496 5497 
	5498 5499 5500 5501 5502 5503 5504 5505 5506 5507 
	5508 5509 5510 5511 5512 5513 5515 5516 5517 5518 
	5519 5520 5521 5522 5523 5524 5525 5526 5527 5528 
	5529 5530 5531 5532 5533 5534 5535 5536 5537 5538 
	5539 5540 5541 
Percentage of tests which expose this fault is 2.58030 %
--------------------------------
Statistics for fault 5:
Tests which expose this fault: 
	17 18 47 48 50 192 195 221 266 357 
	372 378 385 394 406 407 424 459 461 462 
	464 499 500 504 511 512 513 514 515 526 
	533 537 538 555 556 558 685 686 707 730 
	734 737 738 739 740 746 747 748 749 750 
	751 752 753 754 755 757 763 764 766 767 
	768 769 771 772 773 781 782 795 796 797 
	798 800 801 802 804 809 810 813 821 862 
	957 958 996 997 1124 1695 1788 1789 1790 1791 
	1826 1837 1840 1906 1909 1922 1935 1977 2044 2045 
	2046 2053 2111 2203 2205 2276 2367 2369 2370 2669 
	2746 2862 2863 2865 2875 2876 2883 2893 2953 2954 
	2955 2956 2997 2998 3009 3010 3011 3012 3036 3051 
	3052 3054 3056 3058 3059 3060 3717 3788 3789 3802 
	3803 3806 3834 4053 4054 4056 4057 4062 4146 4158 
	4161 4164 4276 4300 4309 4310 4312 4315 4318 4320 
	4323 4326 4336 4359 4373 4384 4400 4408 4436 4438 
	4441 4465 4476 4478 4480 4486 4489 4494 4503 4519 
	4525 4526 4527 4549 4550 4553 4561 4563 4565 4600 
	4613 4614 4620 4623 4624 4637 4732 4736 4737 4784 
	4863 4864 4865 4866 4867 4909 4914 4978 5010 5011 
	5012 5050 5076 5082 5084 5085 5099 5148 5151 5159 
	5170 5190 5232 5233 5258 5260 5269 5270 5272 5273 
	5274 5275 5279 5280 5281 5314 5315 5319 5347 5348 
	5381 5382 5403 5404 5405 5406 5407 5408 5413 5414 
	5415 5416 5417 5418 5419 5420 5476 5477 5483 5484 
	5486 5504 5505 5513 5514 5517 5518 5521 5522 5523 
	5535 
Percentage of tests which expose this fault is 4.88993 %
--------------------------------
Statistics for fault 6:
Tests which expose this fault: 
	19 517 518 522 526 528 529 533 833 1788 
	1789 2862 2863 2865 2866 2884 2885 2886 2887 2888 
	4056 4057 4146 4298 4300 4301 4302 4303 4304 4305 
	4306 4308 4309 4310 4311 4312 4313 4314 4315 4316 
	4317 4318 4319 4320 4322 4323 4324 4326 4435 4436 
	4438 4439 4441 4442 4443 4550 4551 4553 4560 4564 
	4565 4624 4712 4713 4861 4863 4865 4866 4871 4872 
	4876 4877 5042 5043 5044 5046 5047 5048 5050 5051 
	5058 5059 5075 5206 5218 5219 5223 5253 5255 5256 
	5419 5483 5504 5521 5522 5523 
Percentage of tests which expose this fault is 1.73223 %
--------------------------------
Statistics for fault 7:
Tests which expose this fault: 
	28 33 220 250 251 364 412 478 482 854 
	918 1029 1040 1045 1096 1097 1098 1152 1153 1154 
	1381 1386 1666 1667 1695 1887 1888 1889 1890 2153 
	2154 2257 2299 2645 2646 2647 2648 2649 2650 2651 
	2652 2653 2654 2655 2656 2657 2658 2659 2660 2661 
	2662 2663 2664 2665 2666 2667 2668 2669 2670 2766 
	2805 2916 2917 3107 3682 3683 3684 3685 3686 3687 
	3689 3749 4232 4243 4542 4731 4825 4826 5112 5193 
	5281 5282 5283 
Percentage of tests which expose this fault is 1.49765 %
--------------------------------
Statistics for fault 8:
Tests which expose this fault: 
	559 564 565 577 591 830 833 838 839 840 
	842 843 844 845 846 847 848 849 850 851 
	852 853 854 856 857 858 861 4412 4562 4600 
Percentage of tests which expose this fault is 0.54132 %
--------------------------------
Statistics for fault 9:
Tests which expose this fault: 
	589 590 591 600 604 605 611 871 872 873 
	877 879 881 882 884 3730 3731 3860 4419 4582 
	4623 4624 4914 
Percentage of tests which expose this fault is 0.41501 %
--------------------------------
Statistics for fault 10:
Tests which expose this fault: 
	559 564 565 577 591 830 833 838 839 840 
	842 843 844 845 846 847 848 849 850 851 
	852 853 854 856 857 858 861 4412 4562 4600 
Percentage of tests which expose this fault is 0.54132 %
--------------------------------
Statistics for fault 11:
Tests which expose this fault: 
	17 18 81 82 105 106 187 249 256 268 
	269 277 279 339 345 346 371 376 381 403 
	423 428 430 431 442 443 459 460 467 497 
	507 572 576 597 598 645 646 685 686 687 
	704 711 732 733 734 735 781 782 828 829 
	838 848 850 860 866 870 889 931 932 959 
	960 1065 1220 1228 1234 1243 1415 1421 1435 1473 
	1482 1483 1504 1505 1506 1510 1547 1563 1568 1587 
	1588 1594 1612 1614 1618 1625 1661 1665 1763 1774 
	1829 1967 1968 2015 2016 2031 2032 2033 2034 2035 
	2036 2038 2040 2041 2042 2043 2044 2046 2047 2111 
	2262 2268 2269 2285 2308 2313 2347 2373 2381 2392 
	2399 2437 2438 2464 2465 2483 2509 2550 2590 2604 
	2610 2614 2617 2635 2644 2660 2663 2729 2730 2731 
	2750 2751 2760 2763 2768 2769 2799 2852 2860 2861 
	2893 2894 2895 2896 2897 2898 2903 2904 2912 2913 
	2914 2915 2984 2987 2988 2997 2998 2999 3005 3016 
	3018 3027 3039 3040 3068 3073 3140 3148 3266 3273 
	3309 3322 3330 3344 3357 3383 3422 3430 3446 3489 
	3539 3561 3563 3600 3610 3627 3646 3675 3696 3714 
	3788 3789 3790 3828 3829 3830 3831 3850 3853 3857 
	3859 3872 3879 3930 3937 3944 3962 3979 4020 4053 
	4054 4055 4103 4135 4161 4162 4163 4164 4185 4260 
	4275 4276 4289 4309 4319 4371 4372 4401 4408 4409 
	4410 4507 4508 4522 4523 4601 4604 4617 4619 4641 
	4644 4655 4732 4733 4745 4746 4747 4838 4839 4909 
	4910 4916 4917 4965 4966 4971 4972 4973 4974 4975 
	4976 4977 4978 4979 5004 5005 5020 5021 5022 5092 
	5093 5094 5100 5129 5130 5131 5136 5139 5149 5151 
	5152 5170 5174 5177 5178 5191 5339 5341 5343 5376 
	5377 5398 5421 5422 5428 5438 5480 5481 5482 
Percentage of tests which expose this fault is 5.57560 %
--------------------------------
Statistics for fault 12:
Tests which expose this fault: 
	6 7 8 75 76 79 80 81 82 335 
	353 355 754 824 863 882 890 1067 1108 1109 
	1204 1205 1213 1240 1644 1645 1646 2327 2645 2647 
	2648 2649 2650 2651 2652 2655 2656 2657 2659 2660 
	2663 3164 3165 3166 3167 3168 3170 3628 3629 3630 
	3631 3632 3633 3634 3635 3637 3638 3639 3765 3766 
	3859 4048 4049 4050 4051 4112 4174 4181 4187 4196 
	4216 4291 4327 4328 4411 4578 4585 4617 4674 4688 
	4917 5319 5321 5322 5323 5324 5325 5326 5327 5328 
	5329 5330 5331 5332 5333 5334 5335 5374 5423 5424 
	5435 5475 5476 5477 5478 5483 5484 5485 5486 5488 
	5489 5490 5493 5494 5495 5496 5497 5498 5499 5500 
	5501 5502 5503 5504 5505 5506 5507 5508 5509 5510 
	5511 5512 5513 5515 5516 5517 5518 5519 5520 5521 
	5522 5523 5524 5525 5526 5527 5528 5529 5530 5531 
	5532 5533 5534 5535 5536 5537 5538 5539 5540 5541 
Percentage of tests which expose this fault is 2.88704 %
--------------------------------
Statistics for fault 13:
Tests which expose this fault: 
	1312 1313 1314 1315 1316 1317 1318 1319 1320 1321 
	1322 1323 1324 1325 1326 1327 1328 1329 1330 1331 
	1332 1333 1334 1335 1336 1337 1338 1339 1340 1341 
	1342 1343 1344 1345 1346 1347 1348 1349 1350 1351 
	1352 1353 1354 1355 1356 1357 1358 1359 1360 1361 
	1362 1363 1364 1365 1366 1367 1368 1369 1370 1371 
Percentage of tests which expose this fault is 1.08264 %
--------------------------------
Statistics for fault 14:
Tests which expose this fault: 
	28 33 220 250 251 364 412 478 482 854 
	918 1029 1040 1045 1096 1097 1098 1152 1153 1154 
	1381 1386 1666 1667 1695 1887 1888 1889 1890 2153 
	2154 2257 2299 2645 2646 2647 2648 2649 2650 2651 
	2652 2653 2654 2655 2656 2657 2658 2659 2660 2661 
	2662 2663 2664 2665 2666 2667 2668 2669 2670 2766 
	2805 2916 2917 3107 3682 3683 3684 3685 3686 3687 
	3689 3749 4232 4243 4542 4731 4825 4826 5112 5193 
	5281 5282 5283 
Percentage of tests which expose this fault is 1.49765 %
--------------------------------
Statistics for fault 15:
Tests which expose this fault: 
	289 322 353 497 782 1117 1118 1269 2347 2488 
	2525 3126 3152 3351 3409 3426 3437 3468 3499 3529 
	4308 4327 5107 5166 
Percentage of tests which expose this fault is 0.43306 %
--------------------------------
Statistics for fault 16:
Tests which expose this fault: 
	433 511 512 513 514 515 537 538 555 556 
	558 559 562 564 565 566 567 568 569 570 
	571 572 573 577 579 580 582 585 587 589 
	590 591 595 596 597 598 599 600 601 602 
	603 604 605 606 608 609 611 612 613 945 
	946 949 950 974 975 1165 1796 1800 1801 1811 
	1812 2909 2920 2925 2928 2940 2944 2946 2975 2982 
	2995 2996 3197 3198 3662 3795 3796 3826 3827 4062 
	4148 4688 4731 4739 4753 4754 4756 4758 4760 4761 
	4762 4763 4764 4765 4766 4767 4768 4770 4772 4773 
	4774 4775 4777 4779 4780 4781 4782 4784 4785 4786 
	4825 4850 4857 4876 4877 4885 4913 4914 4916 4918 
	4919 4920 4922 4924 4925 4927 4928 4930 4931 4932 
	4933 4934 4935 4937 4939 4941 4942 4946 4948 4962 
	4963 4964 5018 5036 5037 5058 5059 5098 5099 5101 
	5102 5105 5106 5107 5108 5109 5110 5111 5112 5114 
	5125 5126 5137 5138 5142 5143 5144 5145 5146 5147 
	5148 5149 5150 5151 5152 5153 5154 5155 5157 5158 
	5159 5160 5161 5162 5163 5165 5167 5168 5169 5170 
	5199 5220 5222 5229 5230 5243 5244 5269 5270 5272 
	5273 5274 5275 5409 5410 5478 5503 5515 5516 5538 
Percentage of tests which expose this fault is 3.78925 %
--------------------------------
Statistics for fault 17:
Tests which expose this fault: 
	4187 4585 4641 
Percentage of tests which expose this fault is 0.05413 %
--------------------------------
Statistics for fault 18:
Tests which expose this fault: 
	289 322 353 497 782 1117 1118 1269 2347 2488 
	2525 3351 3409 3426 3437 3468 3499 3529 4308 4327 
	5107 5166 
Percentage of tests which expose this fault is 0.39697 %
--------------------------------
Statistics for fault 19:
Tests which expose this fault: 
	3689 4200 5491 
Percentage of tests which expose this fault is 0.05413 %
--------------------------------
Statistics for fault 20:
Tests which expose this fault: 
	577 613 973 974 4129 4753 4773 4782 4784 4914 
	4919 5110 5111 5148 5151 5155 5161 5168 5199 
Percentage of tests which expose this fault is 0.34284 %
--------------------------------
Statistics for fault 21:
Tests which expose this fault: 
	289 322 353 497 782 1117 1118 1269 2347 2488 
	2525 3351 3409 3426 3437 3468 3499 3529 4308 4327 
	5107 5166 
Percentage of tests which expose this fault is 0.39697 %
--------------------------------
Statistics for fault 22:
Tests which expose this fault: 
	26 31 53 76 77 79 80 81 82 227 
	228 229 230 231 233 235 291 301 302 303 
	304 306 307 334 338 339 352 356 358 390 
	398 399 406 432 444 469 498 563 657 659 
	668 823 855 882 910 948 1058 1112 1148 1204 
	1205 1225 1230 1240 1246 1263 1271 1304 1305 1373 
	1383 1396 1399 1400 1710 1732 1777 1793 1794 2366 
	2373 2374 2375 2376 2377 2378 2379 2380 2381 2382 
	2742 2831 2908 2910 2937 2983 3004 3051 3156 3163 
	3196 3244 3249 3250 3251 3252 3253 3254 3255 3256 
	3257 3258 3259 3260 3628 3629 3630 3631 3632 3633 
	3634 3635 3673 3688 3691 3695 3696 3742 3859 4048 
	4049 4061 4086 4088 4112 4196 4215 4216 4237 4327 
	4561 4566 4578 4601 4664 4669 4740 4747 4748 4749 
	4750 4791 4812 4831 4832 4856 5053 5054 5055 5056 
	5103 5133 5321 5322 5323 5324 5325 5326 5327 5328 
	5329 5330 5331 5332 5333 5334 5335 5381 5382 5482 
Percentage of tests which expose this fault is 3.06748 %
--------------------------------
Statistics for fault 23:
Tests which expose this fault: 
	352 4088 4856 
Percentage of tests which expose this fault is 0.05413 %
--------------------------------
Statistics for fault 24:
Tests which expose this fault: 
	192 195 206 209 211 221 387 409 410 415 
	423 440 459 461 462 463 499 500 504 511 
	512 513 514 515 518 529 533 537 538 555 
	556 558 562 564 565 566 577 583 585 596 
	609 685 686 781 782 800 801 802 804 806 
	807 908 937 938 945 946 949 950 973 974 
	975 1004 1164 1165 1169 1796 1800 1801 1808 1811 
	1812 1840 1897 1898 1909 1935 1969 1972 2044 2087 
	2111 2153 2155 2157 2276 2364 2365 2367 2750 2751 
	2908 2909 2910 2911 2922 2924 2927 2928 2932 2939 
	2940 2943 2944 2945 2946 2947 2949 2951 2952 2975 
	2976 2982 2985 2988 2989 2990 2992 2993 3009 3010 
	3027 3110 3197 3198 3222 3662 3795 3796 3806 3826 
	3827 4062 4148 4476 4478 4528 4708 4713 4725 4727 
	4728 4730 4732 4736 4737 4739 4756 4758 4760 4761 
	4764 4765 4766 4767 4768 4770 4772 4773 4774 4775 
	4777 4781 4794 4800 4802 4805 4808 4813 4816 4818 
	4824 4825 4833 4850 4851 4852 4854 4855 4857 4859 
	4866 4871 4872 4876 4877 4880 4884 4885 4887 4888 
	4889 4890 4891 4906 4908 4914 4916 4917 4921 4922 
	4924 4925 4927 4928 4930 4931 4932 4933 4934 4935 
	4937 4939 4941 4942 4944 4946 4948 4951 4953 4956 
	4958 4961 4962 4963 4964 4971 4972 4986 4988 4989 
	4990 4991 4992 4993 5004 5014 5018 5023 5026 5036 
	5037 5042 5044 5048 5053 5054 5055 5056 5058 5059 
	5072 5075 5076 5082 5084 5085 5087 5097 5098 5101 
	5108 5109 5110 5125 5133 5134 5135 5148 5149 5151 
	5154 5161 5184 5199 5202 5205 5206 5220 5222 5223 
	5224 5226 5229 5230 5233 5235 5243 5244 5245 5247 
	5248 5256 5258 5260 5269 5270 5272 5273 5274 5275 
	5279 5280 5281 5340 5538 
Percentage of tests which expose this fault is 5.50343 %
--------------------------------
Statistics for fault 25:
Tests which expose this fault: 
	26 31 53 75 76 77 79 80 81 82 
	185 189 192 195 210 211 223 227 228 229 
	230 231 232 233 234 235 250 252 257 260 
	266 286 288 289 291 292 301 302 303 304 
	306 307 334 338 339 344 352 355 356 357 
	358 361 362 373 390 398 399 406 423 432 
	441 444 457 469 475 498 520 563 657 659 
	668 823 839 855 871 882 898 910 948 973 
	987 1058 1112 1148 1155 1164 1204 1205 1225 1230 
	1240 1246 1263 1271 1304 1305 1373 1383 1396 1399 
	1400 1710 1732 1777 1793 1794 1795 1802 1804 1810 
	1834 1887 1888 1897 2020 2061 2113 2116 2230 2231 
	2287 2366 2373 2374 2375 2376 2377 2378 2379 2380 
	2381 2382 2645 2646 2647 2648 2649 2650 2651 2671 
	2674 2722 2742 2792 2831 2889 2908 2910 2937 2958 
	2983 3004 3051 3156 3163 3196 3244 3249 3250 3251 
	3252 3253 3254 3255 3256 3257 3258 3259 3260 3628 
	3629 3630 3631 3632 3633 3634 3635 3673 3688 3691 
	3695 3696 3719 3742 3808 3859 4048 4049 4061 4086 
	4088 4112 4196 4215 4216 4237 4253 4264 4327 4425 
	4476 4543 4546 4549 4561 4566 4578 4601 4650 4664 
	4669 4710 4723 4740 4747 4748 4749 4750 4791 4812 
	4831 4832 4856 4906 4917 4944 5028 5053 5054 5055 
	5056 5103 5133 5164 5311 5321 5322 5323 5324 5325 
	5326 5327 5328 5329 5330 5331 5332 5333 5334 5335 
	5340 5381 5382 5401 5405 5406 5411 5412 5413 5414 
	5415 5475 5482 
Percentage of tests which expose this fault is 4.74558 %
--------------------------------
Statistics for fault 26:
Tests which expose this fault: 
	31 32 128 187 192 381 490 491 754 755 
	756 757 758 759 824 863 882 1816 1840 2061 
	2062 2666 2667 2742 2743 3717 4275 4290 4291 4327 
	4328 4329 4330 4411 4444 4445 4578 4585 4617 4674 
	4812 4813 4814 4815 4876 4877 4878 5053 5054 5055 
	5056 5057 5058 5059 5060 5315 5319 5321 5322 5323 
	5324 5325 5326 5327 5330 5331 5345 5346 5347 5348 
	5349 5352 5353 5374 5377 5378 5381 5400 5401 5402 
	5403 5404 5405 5406 5407 5408 5413 5414 5415 5416 
	5417 5418 5419 5423 5424 5425 5426 5427 5435 5476 
	5477 5483 5484 5485 5486 5488 5489 5490 5493 5494 
	5495 5496 5497 5498 5502 5504 5505 5506 5507 5509 
	5513 5517 5518 5521 5522 5523 5524 5525 5526 5527 
	5528 5529 5530 5531 5532 5533 5535 5536 5537 5539 
	5540 5541 
Percentage of tests which expose this fault is 2.56225 %
--------------------------------
Statistics for fault 27:
Tests which expose this fault: 
	26 27 203 204 356 406 407 461 462 607 
	800 801 802 803 804 973 974 1164 1165 1688 
	1802 1803 1804 1805 1806 1807 2074 2075 2076 2077 
	2908 2909 2910 2911 3826 3827 4148 4688 4831 4832 
	4833 4917 4921 4944 4945 4946 4947 4948 5164 5278 
	5279 5280 5281 5282 5283 5409 5410 5411 5412 5478 
	5503 5515 5516 5538 
Percentage of tests which expose this fault is 1.15482 %
--------------------------------
Statistics for fault 38:
Tests which expose this fault: 
	26 27 28 31 32 33 128 187 192 203 
	204 220 250 251 356 364 381 406 407 412 
	461 462 478 482 490 491 607 754 755 756 
	757 758 759 800 801 802 803 804 824 854 
	863 882 918 973 974 1029 1040 1045 1096 1097 
	1098 1152 1153 1154 1164 1165 1381 1386 1666 1667 
	1688 1695 1802 1803 1804 1805 1806 1807 1816 1840 
	1887 1888 1889 1890 2061 2062 2074 2075 2076 2077 
	2153 2154 2257 2299 2645 2646 2647 2648 2649 2650 
	2651 2652 2653 2654 2655 2656 2657 2658 2659 2660 
	2661 2662 2663 2664 2665 2666 2667 2668 2669 2670 
	2742 2743 2766 2805 2908 2909 2910 2911 2916 2917 
	3107 3682 3683 3684 3685 3686 3687 3689 3717 3749 
	3826 3827 4148 4232 4243 4275 4290 4291 4327 4328 
	4329 4330 4411 4444 4445 4542 4578 4585 4617 4674 
	4688 4731 4812 4813 4814 4815 4825 4826 4831 4832 
	4833 4876 4877 4878 4917 4921 4944 4945 4946 4947 
	4948 5053 5054 5055 5056 5057 5058 5059 5060 5112 
	5164 5193 5278 5279 5280 5281 5282 5283 5315 5319 
	5321 5322 5323 5324 5325 5326 5327 5330 5331 5345 
	5346 5347 5348 5349 5352 5353 5374 5377 5378 5381 
	5400 5401 5402 5403 5404 5405 5406 5407 5408 5409 
	5410 5411 5412 5413 5414 5415 5416 5417 5418 5419 
	5423 5424 5425 5426 5427 5435 5476 5477 5478 5483 
	5484 5485 5486 5488 5489 5490 5493 5494 5495 5496 
	5497 5498 5502 5503 5504 5505 5506 5507 5509 5513 
	5515 5516 5517 5518 5521 5522 5523 5524 5525 5526 
	5527 5528 5529 5530 5531 5532 5533 5535 5536 5537 
	5538 5539 5540 5541 
Percentage of tests which expose this fault is 5.12450 %
--------------------------------
Statistics for fault 29:
Tests which expose this fault: 
	433 511 512 513 514 515 537 538 555 556 
	558 559 562 564 565 566 567 568 569 570 
	571 572 573 577 579 580 582 585 587 589 
	590 591 595 596 597 598 599 600 601 602 
	603 604 605 606 608 609 611 612 613 945 
	946 949 950 974 975 1165 1796 1800 1801 1811 
	1812 2909 2920 2925 2928 2940 2944 2946 2975 2982 
	2995 2996 3197 3198 3662 3795 3796 3826 3827 4062 
	4148 4688 4731 4739 4753 4754 4756 4758 4760 4761 
	4762 4763 4764 4765 4766 4767 4768 4770 4772 4773 
	4774 4775 4777 4779 4780 4781 4782 4784 4785 4786 
	4825 4850 4857 4876 4877 4885 4913 4914 4916 4918 
	4919 4920 4922 4924 4925 4927 4928 4930 4931 4932 
	4933 4934 4935 4937 4939 4941 4942 4946 4948 4962 
	4963 4964 5018 5036 5037 5058 5059 5098 5099 5101 
	5102 5105 5106 5107 5108 5109 5110 5111 5112 5114 
	5125 5126 5137 5138 5142 5143 5144 5145 5146 5147 
	5148 5149 5150 5151 5152 5153 5154 5155 5157 5158 
	5159 5160 5161 5162 5163 5165 5167 5168 5169 5170 
	5199 5220 5222 5229 5230 5243 5244 5269 5270 5272 
	5273 5274 5275 5409 5410 5478 5503 5515 5516 5538 
Percentage of tests which expose this fault is 3.78925 %
--------------------------------
