5542
29
1388545640.949124
1388545640.951638
1388545640.954647
1388545640.957070
1388545640.959536
1388545640.962413
1388545640.967069
1388545640.969453
1388545640.971983
1388545640.975131
1388545640.978000
1388545640.981399
1388545640.985458
1388545640.988517
1388545640.991109
1388545640.994087
1388545640.996340
1388545640.998502
1388545641.000780
1388545641.002974
1388545641.005242
1388545641.007332
1388545641.010367
1388545641.013623
1388545641.016589
1388545641.020236
1388545641.023923
1388545641.026158
1388545641.028443
1388545641.030734
1388545641.033104
1388545641.035305
1388545641.037520
1388545641.040699
1388545641.044231
1388545641.046990
1388545641.050736
1388545641.056227
1388545641.058714
1388545641.061095
1388545641.063339
1388545641.065577
1388545641.067783
1388545641.070398
1388545641.074531
1388545641.076983
1388545641.080341
1388545641.084645
1388545641.086936
1388545641.089253
1388545641.091504
1388545641.093735
1388545641.095934
1388545641.098158
1388545641.103576
1388545641.106480
1388545641.110032
1388545641.114993
1388545641.117325
1388545641.119572
1388545641.121767
1388545641.124360
1388545641.126491
1388545641.128638
1388545641.131644
1388545641.135145
1388545641.137557
1388545641.141381
1388545641.144508
1388545641.146784
1388545641.148988
1388545641.151177
1388545641.153393
1388545641.155827
1388545641.158591
1388545641.164880
1388545641.167917
1388545641.172727
1388545641.176771
1388545641.179126
1388545641.181247
1388545641.183465
1388545641.185561
1388545641.187678
1388545641.190347
1388545641.193498
1388545641.196451
1388545641.198749
1388545641.202312
1388545641.205600
1388545641.207532
1388545641.209395
1388545641.211417
1388545641.213913
1388545641.216167
1388545641.218201
1388545641.220142
1388545641.223586
1388545641.226844
1388545641.229598
1388545641.233554
1388545641.237207
1388545641.239612
1388545641.241847
1388545641.244081
1388545641.245961
1388545641.248104
1388545641.250186
1388545641.252333
1388545641.255946
1388545641.258210
1388545641.261056
1388545641.265863
1388545641.268615
1388545641.270771
1388545641.273647
1388545641.275845
1388545641.279004
1388545641.281029
1388545641.283691
1388545641.286911
1388545641.289380
1388545641.293449
1388545641.297228
1388545641.299288
1388545641.301271
1388545641.303460
1388545641.306303
1388545641.308379
1388545641.310311
1388545641.312398
1388545641.317179
1388545641.319591
1388545641.323470
1388545641.327897
1388545641.330855
1388545641.333535
1388545641.335768
1388545641.338059
1388545641.340595
1388545641.343081
1388545641.347779
1388545641.350210
1388545641.353604
1388545641.358205
1388545641.360464
1388545641.362503
1388545641.364580
1388545641.367424
1388545641.369640
1388545641.372055
1388545641.374226
1388545641.380117
1388545641.383176
1388545641.388467
1388545641.390664
1388545641.392805
1388545641.394836
1388545641.396892
1388545641.398893
1388545641.400815
1388545641.402936
1388545641.405387
1388545641.407855
1388545641.410836
1388545641.413747
1388545641.418532
1388545641.422362
1388545641.424722
1388545641.426831
1388545641.429044
1388545641.431490
1388545641.433684
1388545641.435801
1388545641.438858
1388545641.442050
1388545641.445781
1388545641.450329
1388545641.452649
1388545641.455371
1388545641.457603
1388545641.459988
1388545641.462222
1388545641.465376
1388545641.467873
1388545641.471282
1388545641.474464
1388545641.479938
1388545641.482918
1388545641.485159
1388545641.487595
1388545641.489931
1388545641.492362
1388545641.494662
1388545641.497082
1388545641.502016
1388545641.504806
1388545641.509392
1388545641.512781
1388545641.514957
1388545641.517165
1388545641.520099
1388545641.522650
1388545641.524884
1388545641.527166
1388545641.529784
1388545641.533247
1388545641.536311
1388545641.541773
1388545641.544301
1388545641.546536
1388545641.548671
1388545641.550809
1388545641.553027
1388545641.556005
1388545641.558170
1388545641.563469
1388545641.566474
1388545641.572190
1388545641.574566
1388545641.576778
1388545641.578969
1388545641.581240
1388545641.583532
1388545641.585825
1388545641.588500
1388545641.591386
1388545641.594537
1388545641.597144
1388545641.602062
1388545641.604810
1388545641.606963
1388545641.609225
1388545641.611428
1388545641.944142
1388545641.949884
1388545641.954886
1388545641.962164
1388545641.970130
1388545641.974925
1388545641.981136
1388545641.985708
1388545641.990851
1388545641.994375
1388545641.997625
1388545642.000777
1388545642.003331
1388545642.005553
1388545642.007896
1388545642.012659
1388545642.016104
1388545642.020015
1388545642.023252
1388545642.025484
1388545642.027742
1388545642.029852
1388545642.032065
1388545642.034187
1388545642.036794
1388545642.039018
1388545642.044099
1388545642.046712
1388545642.050529
1388545642.055201
1388545642.057621
1388545642.059961
1388545642.062982
1388545642.065206
1388545642.067382
1388545642.069909
1388545642.075454
1388545642.078039
1388545642.081506
1388545642.087754
1388545642.090450
1388545642.092713
1388545642.094970
1388545642.097144
1388545642.099477
1388545642.103218
1388545642.107310
1388545642.110586
1388545642.115588
1388545642.120622
1388545642.122987
1388545642.125215
1388545642.127390
1388545642.129440
1388545642.131519
1388545642.136951
1388545642.140497
1388545642.144547
1388545642.149354
1388545642.152457
1388545642.155021
1388545642.157246
1388545642.159577
1388545642.162231
1388545642.167265
1388545642.170993
1388545642.176449
1388545642.178641
1388545642.180820
1388545642.183519
1388545642.189027
1388545642.194022
1388545642.199273
1388545642.202694
1388545642.206694
1388545642.212208
1388545642.214610
1388545642.216995
1388545642.219854
1388545642.222346
1388545642.224963
1388545642.229557
1388545642.232919
1388545642.238524
1388545642.242072
1388545642.244590
1388545642.246907
1388545642.249200
1388545642.251775
1388545642.254304
1388545642.257661
1388545642.261002
1388545642.264313
1388545642.270658
1388545642.274334
1388545642.278317
1388545642.283546
1388545642.289030
1388545642.291309
1388545642.293769
1388545642.297692
1388545642.302231
1388545642.304490
1388545642.306575
1388545642.308760
1388545642.310776
1388545642.312886
1388545642.314856
1388545642.320313
1388545642.323124
1388545642.326402
1388545642.330936
1388545642.333195
1388545642.335705
1388545642.337835
1388545642.340169
1388545642.343782
1388545642.346113
1388545642.349145
1388545642.352115
1388545642.355537
1388545642.360480
1388545642.362670
1388545642.365137
1388545642.367743
1388545642.369824
1388545642.371963
1388545642.373983
1388545642.376053
1388545642.378573
1388545642.383511
1388545642.387127
1388545642.391862
1388545642.394079
1388545642.396155
1388545642.398182
1388545642.400659
1388545642.402694
1388545642.404752
1388545642.406737
1388545642.411695
1388545642.414604
1388545642.418601
1388545642.421967
1388545642.424063
1388545642.426188
1388545642.428404
1388545642.430432
1388545642.433424
1388545642.435697
1388545642.437900
1388545642.442152
1388545642.445139
1388545642.448802
1388545642.452257
1388545642.454404
1388545642.456585
1388545642.458717
1388545642.460746
1388545642.462687
1388545642.464972
1388545642.467516
1388545642.469686
1388545642.474312
1388545642.477309
1388545642.482405
1388545642.484601
1388545642.486612
1388545642.488591
1388545642.490588
1388545642.492587
1388545642.494525
1388545642.496528
1388545642.498725
1388545642.502096
1388545642.505246
1388545642.508227
1388545642.512064
1388545642.515028
1388545642.517579
1388545642.519814
1388545642.522928
1388545642.525138
1388545642.527296
1388545642.529393
1388545642.531974
1388545642.535307
1388545642.538129
1388545642.542400
1388545642.545345
1388545642.547425
1388545642.549840
1388545642.552135
1388545642.554260
1388545642.556386
1388545642.558484
1388545642.561669
1388545642.566052
1388545642.569752
1388545642.574632
1388545642.576887
1388545642.579162
1388545642.581255
1388545642.583821
1388545642.586059
1388545642.588298
1388545642.590468
1388545642.593049
1388545642.596513
1388545642.599358
1388545642.604463
1388545642.606922
1388545642.608978
1388545642.611214
1388545642.613921
1388545642.616463
1388545642.618618
1388545642.620802
1388545642.623583
1388545642.626764
1388545642.629933
1388545642.634256
1388545642.638453
1388545642.640757
1388545642.643150
1388545642.645355
1388545642.647835
1388545642.650400
1388545642.652646
1388545642.655738
1388545642.660011
1388545642.662818
1388545642.668472
1388545642.670695
1388545642.672894
1388545642.674978
1388545642.677243
1388545642.679578
1388545642.681920
1388545642.684921
1388545642.688604
1388545642.691320
1388545642.696353
1388545642.699684
1388545642.701933
1388545642.704149
1388545642.706285
1388545642.709315
1388545642.711434
1388545642.713883
1388545642.717373
1388545642.720032
1388545642.722481
1388545642.726424
1388545642.730579
1388545642.733210
1388545642.735514
1388545642.737746
1388545642.740006
1388545642.742253
1388545642.744601
1388545642.747621
1388545642.750830
1388545642.755569
1388545642.759730
1388545642.762077
1388545642.764431
1388545642.767071
1388545642.768970
1388545642.771235
1388545642.773454
1388545642.775836
1388545642.779097
1388545642.782314
1388545642.785195
1388545642.790777
1388545642.793210
1388545642.795463
1388545642.797625
1388545642.800212
1388545642.802409
1388545642.805257
1388545642.808106
1388545642.810893
1388545642.813795
1388545642.817339
1388545642.821442
1388545642.823720
1388545642.825657
1388545642.827739
1388545642.829689
1388545642.832189
1388545642.834542
1388545642.836833
1388545642.841775
1388545642.845498
1388545642.852258
1388545642.854577
1388545642.856875
1388545642.859127
1388545642.861354
1388545642.863551
1388545642.866181
1388545642.871107
1388545642.874265
1388545642.877888
1388545642.882647
1388545642.884962
1388545642.887090
1388545642.889312
1388545642.891397
1388545642.893448
1388545642.895396
1388545642.897664
1388545642.902322
1388545642.904708
1388545642.907843
1388545642.911972
1388545642.914189
1388545642.916665
1388545642.918768
1388545642.920618
1388545642.922665
1388545642.924742
1388545642.926627
1388545642.929282
1388545642.935813
1388545642.939432
1388545642.942861
1388545642.945024
1388545642.947093
1388545642.949605
1388545642.951717
1388545642.953815
1388545642.955910
1388545642.957945
1388545642.960039
1388545642.963797
1388545642.967526
1388545642.971250
1388545642.975710
1388545642.977728
1388545642.979705
1388545642.982216
1388545642.984377
1388545642.986417
1388545642.988498
1388545642.990639
1388545642.993971
1388545642.996559
1388545643.004375
1388545643.007880
1388545643.010195
1388545643.012381
1388545643.014819
1388545643.016916
1388545643.019180
1388545643.021794
1388545643.025970
1388545643.029429
1388545643.034494
1388545643.037296
1388545643.039580
1388545643.041696
1388545643.043826
1388545643.045915
1388545643.048618
1388545643.050934
1388545643.053670
1388545643.056900
1388545643.059912
1388545643.064419
1388545643.068021
1388545643.070226
1388545643.072414
1388545643.074522
1388545643.076652
1388545643.079237
1388545643.081803
1388545643.087161
1388545643.092043
1388545643.096185
1388545643.098374
1388545643.100838
1388545643.103134
1388545643.105311
1388545643.107905
1388545643.110713
1388545643.114522
1388545643.120125
1388545643.123527
1388545643.128187
1388545643.131120
1388545643.133652
1388545643.136216
1388545643.140067
1388545643.142692
1388545643.145173
1388545643.148485
1388545643.151276
1388545643.153540
1388545643.156889
1388545643.160913
1388545643.163850
1388545643.166151
1388545643.168324
1388545643.170284
1388545643.172882
1388545643.175000
1388545643.177249
1388545643.180657
1388545643.183056
1388545643.186529
1388545643.189732
1388545643.192007
1388545643.194101
1388545643.196216
1388545643.198384
1388545643.200525
1388545643.202888
1388545643.205047
1388545643.208206
1388545643.211300
1388545643.214002
1388545643.218232
1388545643.221140
1388545643.223169
1388545643.225961
1388545643.228151
1388545643.230497
1388545643.232608
1388545643.234665
1388545643.236792
1388545643.239985
1388545643.242773
1388545643.245341
1388545643.249178
1388545643.252067
1388545643.253923
1388545643.255973
1388545643.258052
1388545643.260133
1388545643.262186
1388545643.264591
1388545643.267447
1388545643.273091
1388545643.276326
1388545643.280241
1388545643.282345
1388545643.284485
1388545643.286605
1388545643.288846
1388545643.291121
1388545643.293372
1388545643.295380
1388545643.297930
1388545643.302849
1388545643.305018
1388545643.308360
1388545643.312266
1388545643.314640
1388545643.316847
1388545643.319073
1388545643.321081
1388545643.323193
1388545643.325391
1388545643.328207
1388545643.330812
1388545643.333968
1388545643.336883
1388545643.341099
1388545643.344105
1388545643.346747
1388545643.349034
1388545643.351695
1388545643.354320
1388545643.356548
1388545643.358463
1388545643.361318
1388545643.364421
1388545643.367466
1388545643.372906
1388545643.375231
1388545643.377412
1388545643.379991
1388545643.382220
1388545643.384419
1388545643.386585
1388545643.389576
1388545643.392407
1388545643.396324
1388545643.399915
1388545643.404446
1388545643.406829
1388545643.409273
1388545643.411483
1388545643.414038
1388545643.416188
1388545643.418146
1388545643.420452
1388545643.423914
1388545643.427496
1388545643.430163
1388545643.435296
1388545643.437733
1388545643.439887
1388545643.442003
1388545643.444143
1388545643.446472
1388545643.464885
1388545643.467373
1388545643.469598
1388545643.471838
1388545643.474041
1388545643.476217
1388545643.478417
1388545643.480920
1388545643.483995
1388545643.487495
1388545643.490265
1388545643.494925
1388545643.498360
1388545643.500648
1388545643.502630
1388545643.504816
1388545643.506902
1388545643.508792
1388545643.511332
1388545643.516611
1388545643.519076
1388545643.523449
1388545643.528208
1388545643.530603
1388545643.532979
1388545643.535430
1388545643.537693
1388545643.539917
1388545643.541874
1388545643.546523
1388545643.549121
1388545643.552375
1388545643.556763
1388545643.559320
1388545643.561594
1388545643.563958
1388545643.566202
1388545643.568596
1388545643.570596
1388545643.572836
1388545643.575452
1388545643.578593
1388545643.581016
1388545643.586345
1388545643.589486
1388545643.591705
1388545643.593947
1388545643.596443
1388545643.598634
1388545643.600862
1388545643.602781
1388545643.605236
1388545643.608351
1388545643.610962
1388545643.615165
1388545643.619264
1388545643.621452
1388545643.623405
1388545643.625773
1388545643.628333
1388545643.630666
1388545643.632606
1388545643.634979
1388545643.638118
1388545643.640794
1388545643.643691
1388545643.647400
1388545643.650789
1388545643.653018
1388545643.655246
1388545643.657358
1388545643.659586
1388545643.661792
1388545643.664006
1388545643.666830
1388545643.669803
1388545643.672561
1388545643.676057
1388545643.679633
1388545643.681882
1388545643.684092
1388545643.686294
1388545643.688446
1388545643.690561
1388545643.692708
1388545643.695258
1388545643.697660
1388545643.701067
1388545643.704115
1388545643.709191
1388545643.711763
1388545643.713949
1388545643.716104
1388545643.718315
1388545643.720469
1388545643.722599
1388545643.724714
1388545643.727158
1388545643.729966
1388545643.732738
1388545643.735363
1388545643.739960
1388545643.742910
1388545643.745605
1388545643.747891
1388545643.750041
1388545643.752232
1388545643.754507
1388545643.757950
1388545643.761238
1388545643.764176
1388545643.767973
1388545643.771648
1388545643.773881
1388545643.776189
1388545643.778755
1388545643.781008
1388545643.783198
1388545643.785347
1388545643.787632
1388545643.792312
1388545643.794843
1388545643.797984
1388545643.801974
1388545643.804593
1388545643.806930
1388545643.809284
1388545643.811928
1388545643.814783
1388545643.816994
1388545643.819427
1388545643.822193
1388545643.824848
1388545643.827359
1388545643.831433
1388545643.834314
1388545643.836519
1388545643.838688
1388545643.840798
1388545643.843276
1388545643.845772
1388545643.847967
1388545643.850249
1388545643.854375
1388545643.857852
1388545643.863857
1388545643.866665
1388545643.868893
1388545643.871066
1388545643.873295
1388545643.875479
1388545643.877963
1388545643.880124
1388545643.882987
1388545643.886181
1388545643.888888
1388545643.892845
1388545643.896346
1388545643.898555
1388545643.900761
1388545643.902872
1388545643.905774
1388545643.908055
1388545643.910324
1388545643.913357
1388545643.916939
1388545643.920093
1388545643.924505
1388545643.927909
1388545643.930046
1388545643.932098
1388545643.934301
1388545643.936426
1388545643.938559
1388545643.940694
1388545643.943330
1388545643.946858
1388545643.950470
1388545643.954695
1388545643.957490
1388545643.959686
1388545643.962397
1388545643.964538
1388545643.966715
1388545643.968976
1388545643.971145
1388545643.975763
1388545643.978565
1388545643.982590
1388545643.986320
1388545643.988434
1388545643.990562
1388545643.992776
1388545643.995127
1388545643.997313
1388545643.999517
1388545644.002174
1388545644.006727
1388545644.009734
1388545644.013602
1388545644.016948
1388545644.019159
1388545644.021628
1388545644.024157
1388545644.027178
1388545644.029759
1388545644.032207
1388545644.034569
1388545644.037656
1388545644.041719
1388545644.045801
1388545644.048715
1388545644.051029
1388545644.053003
1388545644.055109
1388545644.057377
1388545644.059861
1388545644.062164
1388545644.066369
1388545644.069147
1388545644.072713
1388545644.076035
1388545644.078877
1388545644.081064
1388545644.083241
1388545644.085619
1388545644.087569
1388545644.089700
1388545644.091866
1388545644.095977
1388545644.098976
1388545644.102220
1388545644.106748
1388545644.109345
1388545644.111731
1388545644.113853
1388545644.115845
1388545644.118101
1388545644.120490
1388545644.122607
1388545644.126167
1388545644.129832
1388545644.133361
1388545644.137705
1388545644.140992
1388545644.143841
1388545644.146485
1388545644.148858
1388545644.150873
1388545644.153593
1388545644.156697
1388545644.159919
1388545644.164106
1388545644.166658
1388545644.168938
1388545644.171128
1388545644.173554
1388545644.177562
1388545644.182242
1388545644.184399
1388545644.186539
1388545644.189836
1388545644.192852
1388545644.195925
1388545644.199912
1388545644.202010
1388545644.204088
1388545644.206061
1388545644.207881
1388545644.210212
1388545644.212420
1388545644.214402
1388545644.216175
1388545644.218935
1388545644.222052
1388545644.224832
1388545644.228514
1388545644.231543
1388545644.233672
1388545644.236288
1388545644.238375
1388545644.240247
1388545644.242600
1388545644.244842
1388545644.246665
1388545644.249213
1388545644.252548
1388545644.254763
1388545644.258350
1388545644.261642
1388545644.263851
1388545644.265906
1388545644.268050
1388545644.270041
1388545644.271881
1388545644.274015
1388545644.276682
1388545644.279187
1388545644.282274
1388545644.285406
1388545644.289242
1388545644.292587
1388545644.294641
1388545644.296844
1388545644.299564
1388545644.301495
1388545644.303816
1388545644.305769
1388545644.308945
1388545644.312139
1388545644.314926
1388545644.317490
1388545644.321783
1388545644.324634
1388545644.327178
1388545644.329383
1388545644.331634
1388545644.333837
1388545644.336013
1388545644.338224
1388545644.342568
1388545644.345655
1388545644.349547
1388545644.352926
1388545644.355088
1388545644.358361
1388545644.361325
1388545644.364137
1388545644.366182
1388545644.368669
1388545644.370975
1388545644.374323
1388545644.377811
1388545644.381935
1388545644.385574
1388545644.387835
1388545644.390092
1388545644.392961
1388545644.395132
1388545644.397309
1388545644.399638
1388545644.402660
1388545644.405925
1388545644.408615
1388545644.413478
1388545644.416407
1388545644.418606
1388545644.420849
1388545644.423919
1388545644.426193
1388545644.428751
1388545644.430954
1388545644.433637
1388545644.436245
1388545644.439025
1388545644.443490
1388545644.446504
1388545644.448850
1388545644.451073
1388545644.453287
1388545644.455439
1388545644.457686
1388545644.460301
1388545644.463286
1388545644.465944
1388545644.468592
1388545644.472376
1388545644.476995
1388545644.479700
1388545644.482026
1388545644.484262
1388545644.486437
1388545644.489394
1388545644.493045
1388545644.496358
1388545644.498989
1388545644.502917
1388545644.507297
1388545644.510031
1388545644.512073
1388545644.514261
1388545644.516526
1388545644.518893
1388545644.520941
1388545644.524262
1388545644.527424
1388545644.529938
1388545644.533367
1388545644.538128
1388545644.540490
1388545644.543186
1388545644.546069
1388545644.548240
1388545644.550468
1388545644.552727
1388545644.556986
1388545644.559367
1388545644.562868
1388545644.567498
1388545644.569662
1388545644.571960
1388545644.574563
1388545644.576921
1388545644.579168
1388545644.581586
1388545644.583648
1388545644.588162
1388545644.593278
1388545644.598001
1388545644.600428
1388545644.603352
1388545644.605562
1388545644.608185
1388545644.610388
1388545644.612773
1388545644.615034
1388545644.620622
1388545644.623432
1388545644.629180
1388545644.631572
1388545644.633920
1388545644.635961
1388545644.638137
1388545644.640587
1388545644.643059
1388545644.645112
1388545644.648057
1388545644.651286
1388545644.654946
1388545644.660546
1388545644.663178
1388545644.665456
1388545644.667602
1388545644.669749
1388545644.671940
1388545644.674335
1388545644.676947
1388545644.679818
1388545644.683238
1388545644.686240
1388545644.691658
1388545644.694080
1388545644.696436
1388545644.698768
1388545644.701080
1388545644.704324
1388545644.706631
1388545644.709846
1388545644.713019
1388545644.715326
1388545644.719013
1388545644.723462
1388545644.726028
1388545644.728295
1388545644.730503
1388545644.732662
1388545644.734818
1388545644.737164
1388545644.740190
1388545644.744064
1388545644.747374
1388545644.752470
1388545644.754776
1388545644.757369
1388545644.759640
1388545644.761922
1388545644.764742
1388545644.766884
1388545644.769329
1388545644.773709
1388545644.776333
1388545644.780567
1388545644.784385
1388545644.786639
1388545644.788930
1388545644.791580
1388545644.793832
1388545644.796006
1388545644.798184
1388545644.800402
1388545644.803339
1388545644.806072
1388545644.809056
1388545644.814496
1388545644.817007
1388545644.819344
1388545644.821626
1388545644.824207
1388545644.826445
1388545644.828628
1388545644.830882
1388545644.834423
1388545644.837217
1388545644.841079
1388545644.845637
1388545644.848068
1388545644.850279
1388545644.852442
1388545644.854623
1388545644.857391
1388545644.859702
1388545644.862940
1388545644.869023
1388545644.871732
1388545644.877240
1388545644.879569
1388545644.881933
1388545644.884158
1388545644.886251
1388545644.888309
1388545644.890770
1388545644.893235
1388545644.896765
1388545644.901563
1388545644.906867
1388545644.909170
1388545644.911278
1388545644.913310
1388545644.916093
1388545644.918210
1388545644.920255
1388545644.922507
1388545644.925318
1388545644.928603
1388545644.931720
1388545644.936763
1388545644.939335
1388545644.941660
1388545644.943964
1388545644.946109
1388545644.948151
1388545644.950304
1388545644.952405
1388545644.954358
1388545644.957502
1388545644.961758
1388545644.964822
1388545644.970284
1388545644.972890
1388545644.975065
1388545644.977202
1388545644.979290
1388545644.981312
1388545644.983304
1388545644.985522
1388545644.990778
1388545644.993486
1388545644.997397
1388545645.001013
1388545645.003160
1388545645.005349
1388545645.007871
1388545645.009997
1388545645.012124
1388545645.014200
1388545645.016325
1388545645.021860
1388545645.024716
1388545645.029435
1388545645.032389
1388545645.034496
1388545645.037329
1388545645.040074
1388545645.043390
1388545645.046415
1388545645.053623
1388545645.056747
1388545645.061757
1388545645.064324
1388545645.066471
1388545645.068667
1388545645.070726
1388545645.073152
1388545645.075321
1388545645.077532
1388545645.080521
1388545645.083929
1388545645.086671
1388545645.091322
1388545645.117933
1388545645.122719
1388545645.124901
1388545645.127006
1388545645.129090
1388545645.131164
1388545645.133175
1388545645.135230
1388545645.137252
1388545645.139948
1388545645.144817
1388545645.148702
1388545645.154744
1388545645.157263
1388545645.159414
1388545645.162262
1388545645.164464
1388545645.166560
1388545645.169070
1388545645.175364
1388545645.178715
1388545645.182233
1388545645.186725
1388545645.189335
1388545645.191520
1388545645.194574
1388545645.199128
1388545645.204384
1388545645.207304
1388545645.209731
1388545645.212237
1388545645.216426
1388545645.220684
1388545645.223142
1388545645.225231
1388545645.227305
1388545645.229244
1388545645.232379
1388545645.235579
1388545645.238611
1388545645.242942
1388545645.246249
1388545645.248474
1388545645.250527
1388545645.252604
1388545645.255019
1388545645.257317
1388545645.259409
1388545645.264527
1388545645.267023
1388545645.270145
1388545645.274773
1388545645.277128
1388545645.279292
1388545645.281377
1388545645.283451
1388545645.285493
1388545645.288650
1388545645.291113
1388545645.294504
1388545645.297517
1388545645.300572
1388545645.305614
1388545645.307918
1388545645.310048
1388545645.312185
1388545645.314216
1388545645.316207
1388545645.318277
1388545645.320796
1388545645.323587
1388545645.326974
1388545645.329423
1388545645.333952
1388545645.337998
1388545645.340205
1388545645.342323
1388545645.344566
1388545645.346671
1388545645.348815
1388545645.350985
1388545645.353458
1388545645.357852
1388545645.360739
1388545645.365598
1388545645.369072
1388545645.372649
1388545645.374979
1388545645.377181
1388545645.379936
1388545645.382118
1388545645.384708
1388545645.388135
1388545645.390707
1388545645.395033
1388545645.398796
1388545645.401021
1388545645.403166
1388545645.405727
1388545645.407778
1388545645.409745
1388545645.411706
1388545645.413890
1388545645.416951
1388545645.420073
1388545645.424150
1388545645.429141
1388545645.431433
1388545645.433577
1388545645.435751
1388545645.438357
1388545645.440486
1388545645.442772
1388545645.445226
1388545645.450192
1388545645.453063
1388545645.457225
1388545645.460959
1388545645.463122
1388545645.465346
1388545645.467482
1388545645.470579
1388545645.472929
1388545645.474964
1388545645.477648
1388545645.481347
1388545645.484254
1388545645.489452
1388545645.491863
1388545645.494048
1388545645.496239
1388545645.498387
1388545645.500791
1388545645.502941
1388545645.505593
1388545645.508901
1388545645.514261
1388545645.520148
1388545645.522687
1388545645.525010
1388545645.527248
1388545645.529342
1388545645.531437
1388545645.533589
1388545645.535874
1388545645.539378
1388545645.542621
1388545645.545450
1388545645.549704
1388545645.553402
1388545645.555842
1388545645.558012
1388545645.560100
1388545645.562859
1388545645.564930
1388545645.568234
1388545645.573595
1388545645.576560
1388545645.581252
1388545645.584097
1388545645.586486
1388545645.588761
1388545645.590874
1388545645.593026
1388545645.595105
1388545645.597198
1388545645.599794
1388545645.603361
1388545645.606282
1388545645.611581
1388545645.614644
1388545645.617227
1388545645.619529
1388545645.621868
1388545645.624021
1388545645.626125
1388545645.628253
1388545645.632510
1388545645.635898
1388545645.639685
1388545645.644215
1388545645.646393
1388545645.648918
1388545645.651436
1388545645.654498
1388545645.657266
1388545645.660849
1388545645.665992
1388545645.670036
1388545645.674979
1388545645.677380
1388545645.679598
1388545645.681735
1388545645.683882
1388545645.686253
1388545645.688501
1388545645.690653
1388545645.696098
1388545645.699755
1388545645.704800
1388545645.707057
1388545645.709233
1388545645.711556
1388545645.713767
1388545645.715912
1388545645.717965
1388545645.720541
1388545645.723294
1388545645.726874
1388545645.729489
1388545645.733865
1388545645.737873
1388545645.739963
1388545645.742090
1388545645.744419
1388545645.746628
1388545645.748739
1388545645.750853
1388545645.754488
1388545645.757818
1388545645.760662
1388545645.765227
1388545645.768405
1388545645.770874
1388545645.773268
1388545645.775506
1388545645.777578
1388545645.779672
1388545645.782515
1388545645.787034
1388545645.789489
1388545645.793343
1388545645.797521
1388545645.799708
1388545645.802122
1388545645.804542
1388545645.806634
1388545645.808732
1388545645.810787
1388545645.812889
1388545645.818281
1388545645.822221
1388545645.827410
1388545645.830005
1388545645.832164
1388545645.834510
1388545645.837757
1388545645.839959
1388545645.842052
1388545645.844326
1388545645.849506
1388545645.852605
1388545645.857836
1388545645.860291
1388545645.862467
1388545645.864604
1388545645.866760
1388545645.869763
1388545645.872408
1388545645.875093
1388545645.878833
1388545645.882125
1388545645.884892
1388545645.889738
1388545645.892773
1388545645.895011
1388545645.897241
1388545645.900339
1388545645.902858
1388545645.904987
1388545645.907163
1388545645.909941
1388545645.913432
1388545645.916451
1388545645.921614
1388545645.924095
1388545645.926181
1388545645.928239
1388545645.930446
1388545645.932554
1388545645.934673
1388545645.937156
1388545645.940197
1388545645.943866
1388545645.946368
1388545645.951293
1388545645.954750
1388545645.956956
1388545645.959082
1388545645.961185
1388545645.963324
1388545645.965535
1388545645.967803
1388545645.970950
1388545645.974597
1388545645.977850
1388545645.981461
1388545645.986084
1388545645.988339
1388545645.990480
1388545645.992609
1388545645.995518
1388545645.997617
1388545645.999949
1388545646.003942
1388545646.006878
1388545646.010000
1388545646.015074
1388545646.017512
1388545646.020005
1388545646.022194
1388545646.024369
1388545646.026530
1388545646.028655
1388545646.030854
1388545646.034693
1388545646.038210
1388545646.041917
1388545646.047193
1388545646.050217
1388545646.053311
1388545646.055777
1388545646.058356
1388545646.061125
1388545646.064851
1388545646.068033
1388545646.072905
1388545646.077631
1388545646.079933
1388545646.082064
1388545646.084615
1388545646.086621
1388545646.088745
1388545646.090850
1388545646.092867
1388545646.096003
1388545646.099279
1388545646.102192
1388545646.107614
1388545646.109974
1388545646.112254
1388545646.114464
1388545646.117392
1388545646.119803
1388545646.121987
1388545646.124142
1388545646.128997
1388545646.132087
1388545646.136429
1388545646.139798
1388545646.141991
1388545646.144199
1388545646.146330
1388545646.148437
1388545646.151116
1388545646.153669
1388545646.156942
1388545646.161033
1388545646.164914
1388545646.170380
1388545646.172833
1388545646.175224
1388545646.177704
1388545646.180675
1388545646.184798
1388545646.192281
1388545646.196456
1388545646.199085
1388545646.202484
1388545646.205900
1388545646.210368
1388545646.212616
1388545646.214860
1388545646.219703
1388545646.222382
1388545646.226064
1388545646.230217
1388545646.232645
1388545646.235262
1388545646.238441
1388545646.240585
1388545646.242746
1388545646.244851
1388545646.247992
1388545646.251162
1388545646.253992
1388545646.258853
1388545646.261692
1388545646.263953
1388545646.266250
1388545646.268847
1388545646.271028
1388545646.273211
1388545646.275316
1388545646.278266
1388545646.281046
1388545646.283561
1388545646.288857
1388545646.292241
1388545646.294418
1388545646.296562
1388545646.298630
1388545646.301138
1388545646.303351
1388545646.305582
1388545646.310259
1388545646.312841
1388545646.316725
1388545646.320800
1388545646.323030
1388545646.325233
1388545646.327357
1388545646.329452
1388545646.331599
1388545646.334874
1388545646.337203
1388545646.340273
1388545646.343378
1388545646.346464
1388545646.351051
1388545646.354147
1388545646.356358
1388545646.358464
1388545646.360512
1388545646.362548
1388545646.364747
1388545646.367346
1388545646.373157
1388545646.376189
1388545646.383371
1388545646.386317
1388545646.388520
1388545646.391342
1388545646.393527
1388545646.395440
1388545646.397518
1388545646.401233
1388545646.404400
1388545646.406628
1388545646.411304
1388545646.414389
1388545646.416828
1388545646.418979
1388545646.421109
1388545646.423232
1388545646.425381
1388545646.427467
1388545646.429348
1388545646.433277
1388545646.436026
1388545646.438189
1388545646.443396
1388545646.445898
1388545646.448106
1388545646.450543
1388545646.452714
1388545646.455504
1388545646.457398
1388545646.459453
1388545646.461942
1388545646.464729
1388545646.468255
1388545646.472870
1388545646.476535
1388545646.478526
1388545646.481024
1388545646.483593
1388545646.485764
1388545646.487934
1388545646.490046
1388545646.493001
1388545646.496340
1388545646.498895
1388545646.502247
1388545646.507009
1388545646.509850
1388545646.511887
1388545646.513979
1388545646.516122
1388545646.518397
1388545646.520531
1388545646.523065
1388545646.525822
1388545646.528286
1388545646.531858
1388545646.535820
1388545646.538072
1388545646.540243
1388545646.542124
1388545646.544258
1388545646.546381
1388545646.548547
1388545646.550801
1388545646.555999
1388545646.558735
1388545646.562316
1388545646.566625
1388545646.568863
1388545646.571030
1388545646.572957
1388545646.575589
1388545646.577724
1388545646.579807
1388545646.582684
1388545646.586028
1388545646.589166
1388545646.591844
1388545646.595510
1388545646.599198
1388545646.601590
1388545646.603764
1388545646.605937
1388545646.608141
1388545646.610197
1388545646.612220
1388545646.614766
1388545646.618033
1388545646.620952
1388545646.624353
1388545646.628593
1388545646.630806
1388545646.633241
1388545646.635401
1388545646.638314
1388545646.640534
1388545646.642706
1388545646.645179
1388545646.648764
1388545646.651428
1388545646.654566
1388545646.658909
1388545646.661136
1388545646.663246
1388545646.666052
1388545646.668283
1388545646.670407
1388545646.672493
1388545646.674648
1388545646.678221
1388545646.681918
1388545646.686266
1388545646.689989
1388545646.692971
1388545646.695099
1388545646.697164
1388545646.699576
1388545646.701743
1388545646.704017
1388545646.706623
1388545646.710049
1388545646.713045
1388545646.718486
1388545646.721198
1388545646.723204
1388545646.725483
1388545646.727336
1388545646.729417
1388545646.731837
1388545646.733964
1388545646.736181
1388545646.739851
1388545646.742110
1388545646.745525
1388545646.750719
1388545646.752722
1388545646.754848
1388545646.757097
1388545646.759216
1388545646.761083
1388545646.763180
1388545646.765651
1388545646.768277
1388545646.772675
1388545646.777501
1388545646.781872
1388545646.784212
1388545646.786351
1388545646.788555
1388545646.791579
1388545646.793771
1388545646.795939
1388545646.799665
1388545646.803210
1388545646.806155
1388545646.812384
1388545646.815355
1388545646.817329
1388545646.819584
1388545646.821783
1388545646.824152
1388545646.826256
1388545646.829122
1388545646.833042
1388545646.835898
1388545646.841279
1388545646.843724
1388545646.846262
1388545646.849466
1388545646.851640
1388545646.853803
1388545646.855972
1388545646.858067
1388545646.862563
1388545646.865622
1388545646.870789
1388545646.873401
1388545646.875335
1388545646.877424
1388545646.879299
1388545646.882046
1388545646.884606
1388545646.887435
1388545646.890016
1388545646.893708
1388545646.896307
1388545646.899657
1388545646.903968
1388545646.906175
1388545646.908281
1388545646.911011
1388545646.913304
1388545646.915899
1388545646.918087
1388545646.920651
1388545646.923772
1388545646.926823
1388545646.931197
1388545646.934045
1388545646.936503
1388545646.938878
1388545646.941104
1388545646.943332
1388545646.945412
1388545646.948562
1388545646.953237
1388545646.955746
1388545646.958433
1388545646.963359
1388545646.966440
1388545646.968771
1388545646.970959
1388545646.973290
1388545646.976236
1388545646.978417
1388545646.980995
1388545646.988426
1388545646.992981
1388545646.996300
1388545646.998934
1388545647.001219
1388545647.003214
1388545647.005476
1388545647.007674
1388545647.010028
1388545647.012663
1388545647.015834
1388545647.018600
1388545647.023598
1388545647.026548
1388545647.028690
1388545647.031303
1388545647.033573
1388545647.035749
1388545647.038643
1388545647.040889
1388545647.043580
1388545647.046988
1388545647.049925
1388545647.054128
1388545647.057851
1388545647.060116
1388545647.063846
1388545647.066359
1388545647.069275
1388545647.071763
1388545647.074283
1388545647.077777
1388545647.080006
1388545647.083889
1388545647.087877
1388545647.090181
1388545647.092391
1388545647.094553
1388545647.096968
1388545647.099221
1388545647.101398
1388545647.104485
1388545647.107345
1388545647.110324
1388545647.113161
1388545647.118164
1388545647.120827
1388545647.122973
1388545647.125054
1388545647.127169
1388545647.129369
1388545647.131953
1388545647.134207
1388545647.136746
1388545647.139788
1388545647.142568
1388545647.146485
1388545647.150178
1388545647.152429
1388545647.154535
1388545647.157690
1388545647.159929
1388545647.162334
1388545647.165000
1388545647.170513
1388545647.179650
1388545647.182361
1388545647.185067
1388545647.187288
1388545647.189546
1388545647.191813
1388545647.194374
1388545647.198662
1388545647.202821
1388545647.206779
1388545647.208958
1388545647.210856
1388545647.213376
1388545647.215865
1388545647.219749
1388545647.223660
1388545647.226265
1388545647.232634
1388545647.235765
1388545647.239883
1388545647.242471
1388545647.244646
1388545647.247210
1388545647.249176
1388545647.251242
1388545647.253296
1388545647.255528
1388545647.257968
1388545647.261440
1388545647.263899
1388545647.267516
1388545647.272008
1388545647.274204
1388545647.276217
1388545647.278384
1388545647.280727
1388545647.282832
1388545647.284945
1388545647.288350
1388545647.291530
1388545647.294157
1388545647.297796
1388545647.302024
1388545647.304005
1388545647.306273
1388545647.308249
1388545647.310350
1388545647.312871
1388545647.314971
1388545647.317138
1388545647.319821
1388545647.323293
1388545647.326265
1388545647.330263
1388545647.333922
1388545647.335940
1388545647.338071
1388545647.340013
1388545647.341991
1388545647.344024
1388545647.346575
1388545647.349763
1388545647.353106
1388545647.355554
1388545647.358332
1388545647.363819
1388545647.366062
1388545647.368367
1388545647.370425
1388545647.372313
1388545647.374321
1388545647.376522
1388545647.378939
1388545647.382226
1388545647.386119
1388545647.390976
1388545647.397019
1388545647.399197
1388545647.401069
1388545647.403084
1388545647.405058
1388545647.407052
1388545647.409521
1388545647.415004
1388545647.417653
1388545647.421340
1388545647.425873
1388545647.428312
1388545647.430757
1388545647.432844
1388545647.434931
1388545647.437063
1388545647.439085
1388545647.441269
1388545647.445921
1388545647.448863
1388545647.452968
1388545647.456086
1388545647.458152
1388545647.460145
1388545647.462608
1388545647.464814
1388545647.466892
1388545647.469291
1388545647.471541
1388545647.474802
1388545647.477375
1388545647.480361
1388545647.485181
1388545647.487726
1388545647.489818
1388545647.492053
1388545647.494195
1388545647.496781
1388545647.498881
1388545647.501374
1388545647.503769
1388545647.509087
1388545647.512334
1388545647.517311
1388545647.519919
1388545647.522059
1388545647.524313
1388545647.526375
1388545647.528908
1388545647.531022
1388545647.533258
1388545647.537940
1388545647.540455
1388545647.544328
1388545647.548443
1388545647.550550
1388545647.552479
1388545647.554513
1388545647.556554
1388545647.558531
1388545647.560680
1388545647.563051
1388545647.568243
1388545647.570909
1388545647.574553
1388545647.578019
1388545647.580060
1388545647.582058
1388545647.583951
1388545647.586121
1388545647.588682
1388545647.590612
1388545647.592847
1388545647.595151
1388545647.597788
1388545647.601538
1388545647.604559
1388545647.608646
1388545647.611097
1388545647.613290
1388545647.615802
1388545647.617911
1388545647.619754
1388545647.621762
1388545647.624108
1388545647.626478
1388545647.629826
1388545647.632729
1388545647.636022
1388545647.640037
1388545647.642360
1388545647.644946
1388545647.647121
1388545647.649220
1388545647.651060
1388545647.652873
1388545647.654907
1388545647.656803
1388545647.659965
1388545647.662194
1388545647.666549
1388545647.670280
1388545647.672752
1388545647.674806
1388545647.677172
1388545647.679619
1388545647.681732
1388545647.683748
1388545647.685814
1388545647.688166
1388545647.692769
1388545647.695703
1388545647.699718
1388545647.702064
1388545647.704206
1388545647.706109
1388545647.708203
1388545647.710422
1388545647.712745
1388545647.714771
1388545647.716826
1388545647.718874
1388545647.722238
1388545647.724870
1388545647.727770
1388545647.732502
1388545647.735020
1388545647.737126
1388545647.739254
1388545647.741305
1388545647.743234
1388545647.746034
1388545647.748360
1388545647.750772
1388545647.754038
1388545647.756789
1388545647.760315
1388545647.764385
1388545647.766461
1388545647.768932
1388545647.770935
1388545647.773208
1388545647.775447
1388545647.777829
1388545647.780172
1388545647.785598
1388545647.788742
1388545647.793139
1388545647.795898
1388545647.797860
1388545647.800012
1388545647.802161
1388545647.804241
1388545647.806433
1388545647.808860
1388545647.811438
1388545647.814721
1388545647.817501
1388545647.820281
1388545647.824917
1388545647.827885
1388545647.830106
1388545647.832337
1388545647.834440
1388545647.836825
1388545647.838868
1388545647.841177
1388545647.847130
1388545647.849403
1388545647.852977
1388545647.857750
1388545647.860547
1388545647.862809
1388545647.864838
1388545647.867052
1388545647.869192
1388545647.871292
1388545647.873838
1388545647.876870
1388545647.879530
1388545647.882989
1388545647.887786
1388545647.890060
1388545647.892465
1388545647.896084
1388545647.898590
1388545647.900803
1388545647.903009
1388545647.906467
1388545647.909315
1388545647.912899
1388545647.917480
1388545647.919833
1388545647.922117
1388545647.924720
1388545647.927337
1388545647.930422
1388545647.932763
1388545647.936660
1388545647.940339
1388545647.944344
1388545647.949163
1388545647.951427
1388545647.953658
1388545647.955916
1388545647.958106
1388545647.960534
1388545647.962758
1388545647.965560
1388545647.968601
1388545647.971249
1388545647.976940
1388545647.980497
1388545647.982733
1388545647.985841
1388545647.988091
1388545647.990279
1388545647.992822
1388545647.995437
1388545647.999398
1388545648.002323
1388545648.007282
1388545648.010162
1388545648.012357
1388545648.014546
1388545648.016978
1388545648.019085
1388545648.021400
1388545648.023450
1388545648.028955
1388545648.031279
1388545648.034832
1388545648.039955
1388545648.042315
1388545648.044707
1388545648.046827
1388545648.049130
1388545648.051358
1388545648.053615
1388545648.056635
1388545648.059993
1388545648.062632
1388545648.067612
1388545648.071042
1388545648.077066
1388545648.080889
1388545648.083287
1388545648.085555
1388545648.087962
1388545648.092653
1388545648.097139
1388545648.107847
1388545648.110768
1388545648.112722
1388545648.115056
1388545648.117702
1388545648.120706
1388545648.226794
1388545648.229389
1388545648.235380
1388545648.237862
1388545648.239890
1388545648.250418
1388545648.253056
1388545648.256459
1388545648.271870
1388545648.276993
1388545648.292041
1388545648.306716
1388545648.320878
1388545648.332280
1388545648.336060
1388545648.345934
1388545648.350656
1388545648.358980
1388545648.371972
1388545648.380527
1388545648.396050
1388545648.398545
1388545648.401307
1388545648.404415
1388545648.407079
1388545648.509412
1388545648.515520
1388545648.545873
1388545648.561372
1388545648.567634
1388545648.581339
1388545648.590660
1388545648.597726
1388545648.625128
1388545648.633516
1388545648.656324
1388545648.668764
1388545648.677182
1388545648.684863
1388545648.709663
1388545648.720357
1388545648.732232
1388545648.738245
1388545648.744882
1388545648.768459
1388545648.772990
1388545648.779461
1388545648.783165
1388545648.786598
1388545648.790219
1388545648.793841
1388545648.813201
1388545648.824622
1388545648.833354
1388545648.842408
1388545648.846942
1388545648.874553
1388545648.881680
1388545648.889219
1388545648.894829
1388545648.900969
1388545648.906917
1388545648.911583
1388545648.917229
1388545648.941429
1388545648.953535
1388545648.957941
1388545648.962422
1388545648.965118
1388545649.042536
1388545649.055791
1388545649.073422
1388545649.082763
1388545649.093721
1388545649.101564
1388545649.107552
1388545649.130374
1388545649.140916
1388545649.148546
1388545649.153599
1388545649.172345
1388545649.188618
1388545649.195218
1388545649.199669
1388545649.204800
1388545649.232177
1388545649.248510
1388545649.266254
1388545649.271209
1388545649.277362
1388545649.281473
1388545649.285017
1388545649.304412
1388545649.311801
1388545649.315530
1388545649.326337
1388545649.341670
1388545649.357440
1388545649.372389
1388545649.376087
1388545649.392680
1388545649.398699
1388545649.416684
1388545649.422526
1388545649.429285
1388545649.469839
1388545649.485893
1388545649.493528
1388545649.504155
1388545649.513265
1388545649.519796
1388545649.526699
1388545649.533915
1388545649.538228
1388545649.553114
1388545649.566901
1388545649.571049
1388545649.579530
1388545649.586517
1388545649.596791
1388545649.600530
1388545649.604631
1388545649.634085
1388545649.637988
1388545649.642678
1388545649.665877
1388545649.670437
1388545649.680720
1388545649.695105
1388545649.698613
1388545649.715229
1388545649.728307
1388545649.737392
1388545649.751344
1388545649.763243
1388545649.778808
1388545649.781971
1388545649.785812
1388545649.813306
1388545649.828856
1388545649.842647
1388545649.846159
1388545649.859843
1388545649.876519
1388545649.884057
1388545649.889868
1388545649.894088
1388545649.928226
1388545649.937350
1388545649.947442
1388545649.958681
1388545649.966472
1388545649.999713
1388545650.003017
1388545650.005516
1388545650.008108
1388545650.060209
1388545650.062590
1388545650.067267
1388545650.082385
1388545650.090604
1388545650.105942
1388545650.114347
1388545650.125198
1388545650.127203
1388545650.129762
1388545650.136954
1388545650.146622
1388545650.151835
1388545650.160163
1388545650.162748
1388545650.168727
1388545650.182435
1388545650.192847
1388545650.201645
1388545650.208229
1388545650.218577
1388545650.234317
1388545650.238040
1388545650.243713
1388545650.253876
1388545650.257573
1388545650.269263
1388545650.272854
1388545650.275561
1388545650.295836
1388545650.301183
1388545650.307694
1388545650.312197
1388545650.318456
1388545650.333521
1388545650.339863
1388545650.345998
1388545650.349248
1388545650.353140
1388545650.362516
1388545650.369981
1388545650.372529
1388545650.375061
1388545650.377684
1388545650.381585
1388545650.385248
1388545650.416514
1388545650.422986
1388545650.425666
1388545650.452537
1388545650.455898
1388545650.463329
1388545650.491040
1388545650.495546
1388545650.509079
1388545650.511714
1388545650.516749
1388545650.571705
1388545650.574144
1388545650.581560
1388545650.584173
1388545650.596285
1388545650.611386
1388545650.627635
1388545650.642437
1388545650.649203
1388545650.657806
1388545650.666778
1388545650.679085
1388545650.683460
1388545650.688317
1388545650.691322
1388545650.703387
1388545650.707924
1388545650.715917
1388545650.718434
1388545650.731478
1388545650.734763
1388545650.745331
1388545650.757886
1388545650.766242
1388545650.774872
1388545650.777574
1388545650.783401
1388545650.796862
1388545650.801249
1388545650.808442
1388545650.811014
1388545650.815555
1388545650.825805
1388545650.829217
1388545650.834438
1388545650.881932
1388545650.895087
1388545650.909084
1388545650.911796
1388545650.924046
1388545650.928780
1388545650.932088
1388545650.935478
1388545650.973843
1388545650.977230
1388545650.991308
1388545650.993926
1388545650.996860
1388545651.005914
1388545651.013068
1388545651.016776
1388545651.022420
1388545651.028396
1388545651.036110
1388545651.039070
1388545651.051227
1388545651.054195
1388545651.057429
1388545651.060250
1388545651.063357
1388545651.065638
1388545651.115697
1388545651.123568
1388545651.134323
1388545651.148825
1388545651.154940
1388545651.169900
1388545651.181888
1388545651.184945
1388545651.188758
1388545651.192619
1388545651.197244
1388545651.201689
1388545651.228547
1388545651.232933
1388545651.235120
1388545651.263459
1388545651.273382
1388545651.276504
1388545651.293305
1388545651.297219
1388545651.300260
1388545651.303142
1388545651.306268
1388545651.310142
1388545651.313973
1388545651.318022
1388545651.322666
1388545651.326470
1388545651.344832
1388545651.349012
1388545651.353539
1388545651.393597
1388545651.397130
1388545651.412195
1388545651.418216
1388545651.422936
1388545651.450932
1388545651.453697
1388545651.468943
1388545651.473069
1388545651.476801
1388545651.482478
1388545651.485786
1388545651.488538
1388545651.524313
1388545651.528402
1388545651.532471
1388545651.537357
1388545651.543233
1388545651.546933
1388545651.550118
1388545651.553193
1388545651.557845
1388545651.562758
1388545651.568107
1388545651.588728
1388545651.592646
1388545651.607771
1388545651.620328
1388545651.624476
1388545651.628202
1388545651.631612
1388545651.675992
1388545651.678443
1388545651.683722
1388545651.686404
1388545651.689304
1388545651.706724
1388545651.715459
1388545651.718869
1388545651.723070
1388545651.729577
1388545651.732268
1388545651.734265
1388545651.738683
1388545651.742028
1388545651.745336
1388545651.748307
1388545651.753430
1388545651.756736
1388545651.759744
1388545651.762075
1388545651.764246
1388545651.766495
1388545651.769320
1388545651.771915
1388545651.775282
1388545651.778812
1388545651.782411
1388545651.787011
1388545651.789397
1388545651.817149
1388545651.819827
1388545651.821805
1388545651.823972
1388545651.826562
1388545651.835145
1388545651.838445
1388545651.842159
1388545651.852885
1388545651.855501
1388545651.857842
1388545651.860195
1388545651.862471
1388545651.864781
1388545651.867945
1388545651.870570
1388545651.873488
1388545651.910479
1388545651.912674
1388545651.914868
1388545651.917117
1388545651.924127
1388545651.927931
1388545651.931579
1388545651.934409
1388545651.938349
1388545651.980428
1388545651.982885
1388545651.988275
1388545651.994611
1388545652.000237
1388545652.008434
1388545652.013820
1388545652.043209
1388545652.057617
1388545652.073880
1388545652.092681
1388545652.100181
1388545652.121490
1388545652.136725
1388545652.143773
1388545652.155404
1388545652.163830
1388545652.170449
1388545652.173618
1388545652.177024
1388545652.194401
1388545652.197006
1388545652.199305
1388545652.210957
1388545652.215364
1388545652.219510
1388545652.222100
1388545652.225121
1388545652.228121
1388545652.241960
1388545652.245969
1388545652.259505
1388545652.271289
1388545652.275755
1388545652.278326
1388545652.280825
1388545652.298857
1388545652.309174
1388545652.314103
1388545652.316442
1388545652.352031
1388545652.362328
1388545652.368536
1388545652.384039
1388545652.398463
1388545652.413673
1388545652.416790
1388545652.428484
1388545652.431895
1388545652.439113
1388545652.442123
1388545652.456708
1388545652.461060
1388545652.465484
1388545652.492563
1388545652.495530
1388545652.510681
1388545652.513720
1388545652.516120
1388545652.521420
1388545652.524459
1388545652.529101
1388545652.532018
1388545652.534276
1388545652.574758
1388545652.577490
1388545652.582006
1388545652.585779
1388545652.590208
1388545652.593881
1388545652.596384
1388545652.598836
1388545652.601409
1388545652.603860
1388545652.606701
1388545652.609241
1388545652.710712
1388545652.717878
1388545652.724242
1388545652.730163
1388545652.737341
1388545652.744450
1388545652.749247
1388545652.754986
1388545652.759848
1388545652.791481
1388545652.794900
1388545652.798598
1388545652.802268
1388545652.805838
1388545652.809282
1388545652.816866
1388545652.837346
1388545652.846203
1388545652.851381
1388545652.860482
1388545652.871715
1388545652.875841
1388545652.879812
1388545652.885393
1388545652.888904
1388545652.892235
1388545652.895474
1388545652.898444
1388545652.902124
1388545652.918315
1388545652.922295
1388545652.931760
1388545652.936607
1388545652.942995
1388545652.983791
1388545652.987327
1388545652.990391
1388545652.993354
1388545653.013042
1388545653.016724
1388545653.022738
1388545653.026646
1388545653.030655
1388545653.035056
1388545653.063444
1388545653.069954
1388545653.073455
1388545653.089488
1388545653.095055
1388545653.099451
1388545653.105044
1388545653.108230
1388545653.111565
1388545653.133081
1388545653.135608
1388545653.138631
1388545653.141304
1388545653.166112
1388545653.177874
1388545653.182413
1388545653.186184
1388545653.189748
1388545653.210073
1388545653.213075
1388545653.222269
1388545653.226682
1388545653.229484
1388545653.232212
1388545653.234821
1388545653.237537
1388545653.239850
1388545653.242732
1388545653.246007
1388545653.249230
1388545653.254473
1388545653.257129
1388545653.259333
1388545653.261550
1388545653.263993
1388545653.266656
1388545653.269329
1388545653.272017
1388545653.275076
1388545653.278773
1388545653.281849
1388545653.286045
1388545653.290072
1388545653.292279
1388545653.323814
1388545653.336746
1388545653.340059
1388545653.343595
1388545653.347571
1388545653.351516
1388545653.368289
1388545653.372899
1388545653.387389
1388545653.390186
1388545653.392235
1388545653.409796
1388545653.412725
1388545653.426208
1388545653.431326
1388545653.434491
1388545653.438239
1388545653.441586
1388545653.463659
1388545653.466274
1388545653.475542
1388545653.478192
1388545653.480349
1388545653.482483
1388545653.485550
1388545653.488197
1388545653.491366
1388545653.495512
1388545653.499286
1388545653.502844
1388545653.528924
1388545653.532362
1388545653.537924
1388545653.540771
1388545653.552474
1388545653.556210
1388545653.570115
1388545653.572840
1388545653.574826
1388545653.577459
1388545653.579985
1388545653.582800
1388545653.586261
1388545653.601794
1388545653.604545
1388545653.606525
1388545653.609123
1388545653.611255
1388545653.613670
1388545653.629323
1388545653.632071
1388545653.635124
1388545653.637113
1388545653.639654
1388545653.673618
1388545653.676231
1388545653.679926
1388545653.682939
1388545653.689055
1388545653.704740
1388545653.713596
1388545653.719763
1388545653.721864
1388545653.724328
1388545653.732978
1388545653.740895
1388545653.743983
1388545653.747595
1388545653.752335
1388545653.754492
1388545653.756997
1388545653.759556
1388545653.761589
1388545653.785806
1388545653.788543
1388545653.790598
1388545653.799550
1388545653.803828
1388545653.815547
1388545653.818581
1388545653.820539
1388545653.823094
1388545653.825196
1388545653.827371
1388545653.829547
1388545653.859886
1388545653.862995
1388545653.877021
1388545653.879820
1388545653.881755
1388545653.884572
1388545653.887136
1388545653.889543
1388545653.924893
1388545653.935068
1388545653.938295
1388545653.941680
1388545653.954626
1388545653.962220
1388545653.971674
1388545653.977772
1388545653.980392
1388545653.982592
1388545653.984975
1388545653.999085
1388545654.001936
1388545654.004674
1388545654.008689
1388545654.010944
1388545654.013034
1388545654.015056
1388545654.017428
1388545654.044098
1388545654.046165
1388545654.048443
1388545654.051200
1388545654.053312
1388545654.055768
1388545654.100902
1388545654.103211
1388545654.108381
1388545654.110614
1388545654.113619
1388545654.117787
1388545654.121666
1388545654.124309
1388545654.126797
1388545654.129344
1388545654.132150
1388545654.135815
1388545654.138715
1388545654.143715
1388545654.147184
1388545654.150484
1388545654.152612
1388545654.154943
1388545654.157005
1388545654.170963
1388545654.173701
1388545654.182364
1388545654.185436
1388545654.188009
1388545654.190237
1388545654.192354
1388545654.194499
1388545654.196931
1388545654.243377
1388545654.256411
1388545654.258866
1388545654.346122
1388545654.361129
1388545654.371583
1388545654.389366
1388545654.399844
1388545654.416698
1388545654.436588
1388545654.451924
1388545654.461167
1388545654.469171
1388545654.496357
1388545654.499669
1388545654.502429
1388545654.505023
1388545654.508313
1388545654.512267
1388545654.532845
1388545654.536186
1388545654.539295
1388545654.546920
1388545654.552290
1388545654.557692
1388545654.569141
1388545654.573609
1388545654.577043
1388545654.586943
1388545654.590220
1388545654.593596
1388545654.596832
1388545654.599613
1388545654.603547
1388545654.606536
1388545654.623498
1388545654.625964
1388545654.628974
1388545654.632413
1388545654.636163
1388545654.655946
1388545654.658564
1388545654.662569
1388545654.667615
1388545654.671117
1388545654.676487
1388545654.679123
1388545654.682271
1388545654.706407
1388545654.726730
1388545654.747830
1388545654.790607
1388545654.992896
1388545654.999007
1388545655.004516
1388545655.012511
1388545655.020245
1388545655.025104
1388545655.037941
1388545655.044713
1388545655.049067
1388545655.052618
1388545655.072051
1388545655.076010
1388545655.080184
1388545655.083980
1388545655.086855
1388545655.104790
1388545655.108152
1388545655.112210
1388545655.116045
1388545655.120311
1388545655.124712
1388545655.128648
1388545655.196693
1388545655.214146
1388545655.219679
1388545655.233533
1388545655.245982
1388545655.249870
1388545655.253390
1388545655.290069
1388545655.295342
1388545655.302939
1388545655.311585
1388545655.321133
1388545655.324138
1388545655.327248
1388545655.331031
1388545655.347821
1388545655.352067
1388545655.354355
1388545655.381631
1388545655.384160
1388545655.386184
1388545655.391247
1388545655.393810
1388545655.396797
1388545655.417568
1388545655.427636
1388545655.433235
1388545655.446338
1388545655.450819
1388545655.459153
1388545655.462382
1388545655.465043
1388545655.467528
1388545655.469549
1388545655.475953
1388545655.479147
1388545655.482667
1388545655.485062
1388545655.489226
1388545655.494815
1388545655.512715
1388545655.516572
1388545655.519041
1388545655.524298
1388545655.527279
1388545655.529566
1388545655.531975
1388545655.535154
1388545655.537210
1388545655.539576
1388545655.543421
1388545655.546305
1388545655.576579
1388545655.580744
1388545655.586662
1388545655.588856
1388545655.599030
1388545655.607437
1388545655.610430
1388545655.615148
1388545655.618683
1388545655.620998
1388545655.623190
1388545655.625459
1388545655.628585
1388545655.630994
1388545655.633354
1388545655.636007
1388545655.664758
1388545655.669998
1388545655.672327
1388545655.676676
1388545655.680769
1388545655.683026
1388545655.685511
1388545655.688665
1388545655.691802
1388545655.694574
1388545655.697864
1388545655.701288
1388545655.706587
1388545655.711049
1388545655.713438
1388545655.715588
1388545655.717720
1388545655.720424
1388545655.722423
1388545655.765014
1388545655.767856
1388545655.781722
1388545655.786194
1388545655.788301
1388545655.791004
1388545655.801714
1388545655.805596
1388545655.814521
1388545655.828875
1388545655.833045
1388545655.836055
1388545655.844189
1388545655.848252
1388545655.861268
1388545655.866191
1388545655.870276
1388545655.874612
1388545655.881725
1388545655.886155
1388545655.896960
1388545655.900786
1388545655.904764
1388545655.909397
1388545655.922308
1388545655.925953
1388545655.929839
1388545655.966880
1388545655.974863
1388545655.985257
1388545655.993019
1388545655.998430
1388545656.007248
1388545656.010373
1388545656.012925
1388545656.024415
1388545656.028229
1388545656.038943
1388545656.055427
1388545656.059313
1388545656.063601
1388545656.065797
1388545656.070905
1388545656.073629
1388545656.083504
1388545656.092699
1388545656.095359
1388545656.100639
1388545656.109416
1388545656.116349
1388545656.121184
1388545656.124150
1388545656.167833
1388545656.170519
1388545656.182429
1388545656.186953
1388545656.191758
1388545656.197079
1388545656.202840
1388545656.215476
1388545656.218662
1388545656.221489
1388545656.224916
1388545656.236350
1388545656.250787
1388545656.253001
1388545656.255217
1388545656.258179
1388545656.260349
1388545656.262551
1388545656.265780
1388545656.268153
1388545656.270880
1388545656.298678
1388545656.304491
1388545656.308555
1388545656.315991
1388545656.318775
1388545656.331745
1388545656.342194
1388545656.345335
1388545656.355461
1388545656.358962
1388545656.372009
1388545656.375032
1388545656.382170
1388545656.387968
1388545656.402356
1388545656.407244
1388545656.415380
1388545656.428725
1388545656.444302
1388545656.457075
1388545656.472722
1388545656.487069
1388545656.501315
1388545656.506478
1388545656.509103
1388545656.515440
1388545656.518235
1388545656.525631
1388545656.540099
1388545656.542538
1388545656.545633
1388545656.555973
1388545656.560577
1388545656.563160
1388545656.565866
1388545656.574161
1388545656.585851
1388545656.598518
1388545656.603375
1388545656.611424
1388545656.615394
1388545656.627813
1388545656.641387
1388545656.649372
1388545656.664996
1388545656.667910
1388545656.681240
1388545656.683999
1388545656.695203
1388545656.698567
1388545656.702361
1388545656.714268
1388545656.717220
1388545656.724657
1388545656.727422
1388545656.734042
1388545656.741231
1388545656.744564
1388545656.747226
1388545656.753678
1388545656.764437
1388545656.767751
1388545656.775328
1388545656.784114
1388545656.795784
1388545656.800819
1388545656.805308
1388545656.818219
1388545656.821382
1388545656.827889
1388545656.833135
1388545656.836689
1388545656.878967
1388545656.885366
1388545656.889696
1388545656.894897
1388545656.905159
1388545656.907892
1388545656.916163
1388545656.919229
1388545656.928732
1388545656.931120
1388545656.945619
1388545656.950192
1388545656.960454
1388545656.967035
1388545656.970863
1388545656.980806
1388545657.089985
1388545657.096470
1388545657.102268
1388545657.130494
1388545657.149184
1388545657.155587
1388545657.162593
1388545657.181859
1388545657.190788
1388545657.196776
1388545657.227846
1388545657.234438
1388545657.239678
1388545657.266547
1388545657.277514
1388545657.287432
1388545657.302699
1388545657.309239
1388545657.313110
1388545657.331134
1388545657.336112
1388545657.356299
1388545657.360352
1388545657.369477
1388545657.374620
1388545657.379875
1388545657.457511
1388545657.470456
1388545657.477585
1388545657.485718
1388545657.510312
1388545657.517888
1388545657.567975
1388545657.572338
1388545657.577931
1388545657.585397
1388545657.619208
1388545657.625402
1388545657.654834
1388545657.662540
1388545657.670828
1388545657.696441
1388545657.771179
1388545657.777297
1388545657.799714
1388545657.818854
1388545657.838575
1388545657.849968
1388545657.861800
1388545657.874939
1388545657.883290
1388545657.912808
1388545657.931932
1388545657.944089
1388545657.956109
1388545657.971457
1388545657.979515
1388545657.988939
1388545658.010378
1388545658.016503
1388545658.029236
1388545658.037764
1388545658.055232
1388545658.061596
1388545658.066408
1388545658.105338
1388545658.110444
1388545658.146593
1388545658.158434
1388545658.164954
1388545658.215009
1388545658.223009
1388545658.227590
1388545658.231936
1388545658.238884
1388545658.250629
1388545658.257435
1388545658.289313
1388545658.296469
1388545658.302722
1388545658.308825
1388545658.318199
1388545658.341263
1388545658.349657
1388545658.358092
1388545658.371184
1388545658.378752
1388545658.383069
1388545658.386790
1388545658.391036
1388545658.393215
1388545658.395876
1388545658.398834
1388545658.401404
1388545658.533587
1388545658.540564
1388545658.547604
1388545658.555807
1388545658.570319
1388545658.580112
1388545658.584259
1388545658.597835
1388545658.614284
1388545658.631356
1388545658.638889
1388545658.645915
1388545658.650095
1388545658.654048
1388545658.668512
1388545658.680593
1388545658.683871
1388545658.687455
1388545658.692336
1388545658.697503
1388545658.774741
1388545658.786673
1388545658.806679
1388545658.815172
1388545658.847670
1388545658.856649
1388545658.862936
1388545658.869337
1388545658.873499
1388545658.895629
1388545658.899084
1388545658.905097
1388545658.916232
1388545658.922792
1388545658.957806
1388545658.962956
1388545658.966641
1388545658.970758
1388545658.976645
1388545658.996025
1388545659.013068
1388545659.018314
1388545659.029566
1388545659.037808
1388545659.049081
1388545659.053480
1388545659.056738
1388545659.100627
1388545659.108067
1388545659.113960
1388545659.126735
1388545659.168730
1388545659.182179
1388545659.195314
1388545659.201965
1388545659.209255
1388545659.217750
1388545659.234316
1388545659.250581
1388545659.255088
1388545659.261148
1388545659.264557
1388545659.278947
1388545659.282557
1388545659.285843
1388545659.288962
1388545659.311801
1388545659.327728
1388545659.342158
1388545659.355042
1388545659.358381
1388545659.468653
1388545659.475106
1388545659.483473
1388545659.499982
1388545659.508493
1388545659.519383
1388545659.523308
1388545659.532397
1388545659.541104
1388545659.552902
1388545659.558064
1388545659.565930
1388545659.580949
1388545659.594409
1388545659.603654
1388545659.609967
1388545659.615125
1388545659.648438
1388545659.661115
1388545659.668189
1388545659.758558
1388545659.762769
1388545659.766809
1388545659.770844
1388545659.775437
1388545659.834129
1388545659.844733
1388545659.849909
1388545659.855464
1388545659.880788
1388545659.884865
1388545659.888809
1388545659.921095
1388545659.926096
1388545659.935464
1388545659.940560
1388545659.946703
1388545659.971580
1388545659.980098
1388545659.983886
1388545659.995866
1388545660.008555
1388545660.012868
1388545660.017195
1388545660.042621
1388545660.050302
1388545660.054619
1388545660.060449
1388545660.067397
1388545660.073829
1388545660.077764
1388545660.081737
1388545660.103652
1388545660.116847
1388545660.122941
1388545660.127001
1388545660.129997
1388545660.142118
1388545660.147182
1388545660.151688
1388545660.155331
1388545660.160707
1388545660.178606
1388545660.191006
1388545660.202852
1388545660.219457
1388545660.223113
1388545660.234444
1388545660.237106
1388545660.239701
1388545660.243397
1388545660.246085
1388545660.250850
1388545660.253882
1388545660.288099
1388545660.291455
1388545660.293574
1388545660.295732
1388545660.297833
1388545660.300875
1388545660.321062
1388545660.323950
1388545660.326103
1388545660.328222
1388545660.330384
1388545660.334464
1388545660.348858
1388545660.351674
1388545660.354324
1388545660.357196
1388545660.359419
1388545660.361637
1388545660.400489
1388545660.402856
1388545660.413243
1388545660.415430
1388545660.431683
1388545660.436807
1388545660.439491
1388545660.455154
1388545660.458690
1388545660.461529
1388545660.464965
1388545660.469990
1388545660.472895
1388545660.475127
1388545660.477368
1388545660.501041
1388545660.503117
1388545660.506146
1388545660.508592
1388545660.515796
1388545660.522347
1388545660.526407
1388545660.530487
1388545660.537286
1388545660.540238
1388545660.542826
1388545660.545101
1388545660.556500
1388545660.564161
1388545660.566325
1388545660.577700
1388545660.581191
1388545660.594102
1388545660.596845
1388545660.605402
1388545660.611565
1388545660.614901
1388545660.618211
1388545660.622149
1388545660.625983
1388545660.628241
1388545660.630578
1388545660.633478
1388545660.635678
1388545660.671741
1388545660.674019
1388545660.682062
1388545660.688692
1388545660.701003
1388545660.710173
1388545660.724716
1388545660.727543
1388545660.732749
1388545660.743643
1388545660.756167
1388545660.764731
1388545660.767291
1388545660.782374
1388545660.793897
1388545660.809139
1388545660.813336
1388545660.823097
1388545660.825715
1388545660.835307
1388545660.849060
1388545660.851558
1388545660.867491
1388545660.877640
1388545660.883403
1388545660.886017
1388545660.888693
1388545660.891183
1388545660.896768
1388545660.903920
1388545660.920039
1388545660.922593
1388545660.925812
1388545660.929187
1388545660.931382
1388545660.960262
1388545660.969333
1388545660.971537
1388545660.974253
1388545660.983998
1388545660.986910
1388545660.990412
1388545660.997085
1388545660.999954
1388545661.005972
1388545661.008169
1388545661.023463
1388545661.030826
1388545661.036799
1388545661.046228
1388545661.051987
1388545661.055267
1388545661.059942
1388545661.161637
1388545661.167592
1388545661.173444
1388545661.180809
1388545661.198852
1388545661.205836
1388545661.232933
1388545661.249827
1388545661.253608
1388545661.257722
1388545661.304988
1388545661.314724
1388545661.317687
1388545661.333421
1388545661.347414
1388545661.350092
1388545661.353222
1388545661.356636
1388545661.375405
1388545661.379523
1388545661.382476
1388545661.386689
1388545661.389273
1388545661.393551
1388545661.410645
1388545661.414642
1388545661.417908
1388545661.422646
1388545661.428337
1388545661.431033
1388545661.433794
1388545661.436381
1388545661.440442
1388545661.444042
1388545661.447361
1388545661.449994
1388545661.452851
1388545661.455356
1388545661.460100
1388545661.463941
1388545661.466165
1388545661.575615
1388545661.582552
1388545661.589040
1388545661.596127
1388545661.604169
1388545661.626663
1388545661.630106
1388545661.633962
1388545661.636883
1388545661.639800
1388545661.658360
1388545661.660876
1388545661.663481
1388545661.670558
1388545661.673244
1388545661.676845
1388545661.681465
1388545661.716744
1388545661.720641
1388545661.722726
1388545661.725310
1388545661.727884
1388545661.812585
1388545661.819294
1388545661.825903
1388545661.831955
1388545661.858339
1388545661.865843
1388545661.872310
1388545661.877048
1388545661.885382
1388545661.909052
1388545661.916607
1388545661.922541
1388545661.931464
1388545661.937267
1388545661.943975
1388545661.968576
1388545661.972185
1388545661.988652
1388545661.991696
1388545661.994968
1388545662.001062
1388545662.004528
1388545662.008825
1388545662.013648
1388545662.017990
1388545662.032911
1388545662.038458
1388545662.043166
1388545662.048619
1388545662.052288
1388545662.055471
1388545662.058665
1388545662.061347
1388545662.064201
1388545662.068205
1388545662.071334
1388545662.075946
1388545662.081150
1388545662.084450
1388545662.087779
1388545662.230209
1388545662.240259
1388545662.246241
1388545662.270956
1388545662.282669
1388545662.293796
1388545662.301130
1388545662.326311
1388545662.335849
1388545662.350614
1388545662.354027
1388545662.365300
1388545662.375075
1388545662.379534
1388545662.408293
1388545662.411619
1388545662.416184
1388545662.420292
1388545662.424659
1388545662.428941
1388545662.436825
1388545662.459033
1388545662.462999
1388545662.474362
1388545662.480774
1388545662.495553
1388545662.507025
1388545662.509196
1388545662.511515
1388545662.515974
1388545662.518856
1388545662.522696
1388545662.526384
1388545662.528672
1388545662.531122
1388545662.533363
1388545662.535556
1388545662.537674
1388545662.678644
1388545662.684033
1388545662.689663
1388545662.695966
1388545662.716431
1388545662.721583
1388545662.729808
1388545662.736262
1388545662.771266
1388545662.776788
1388545662.783453
1388545662.790457
1388545662.797529
1388545662.854469
1388545662.860022
1388545662.865314
1388545662.871281
1388545662.879089
1388545662.897462
1388545662.910730
1388545662.916501
1388545662.922672
1388545662.929684
1388545662.937418
1388545662.944043
1388545662.947622
1388545662.951603
1388545662.957467
1388545662.962212
1388545662.967808
1388545662.971524
1388545662.974161
1388545662.976382
1388545662.979107
1388545662.981599
1388545662.999154
1388545663.002391
1388545663.004843
1388545663.007122
1388545663.009346
1388545663.011935
1388545663.014732
1388545663.017908
1388545663.020597
1388545663.025620
1388545663.028456
1388545663.030606
1388545663.033274
1388545663.035442
1388545663.058706
1388545663.061331
1388545663.076490
1388545663.080655
1388545663.083240
1388545663.087502
1388545663.090757
1388545663.093079
1388545663.113010
1388545663.120507
1388545663.122728
1388545663.124987
1388545663.128054
1388545663.130797
1388545663.132979
1388545663.170459
1388545663.172716
1388545663.174870
1388545663.177480
1388545663.182116
1388545663.184703
1388545663.188149
1388545663.195900
1388545663.208590
1388545663.212530
1388545663.214782
1388545663.217345
1388545663.219454
1388545663.221522
1388545663.239555
1388545663.248337
1388545663.250575
1388545663.252801
1388545663.255649
1388545663.257958
1388545663.300640
1388545663.308098
1388545663.313393
1388545663.318510
1388545663.323952
1388545663.342051
1388545663.349089
1388545663.355236
1388545663.362023
1388545663.377879
1388545663.381534
1388545663.384479
1388545663.387449
1388545663.422499
1388545663.437712
1388545663.442896
1388545663.446239
1388545663.494969
1388545663.498167
1388545663.511753
1388545663.516995
1388545663.520829
1388545663.524661
1388545663.541002
1388545663.544122
1388545663.547110
1388545663.595279
1388545663.598339
1388545663.601745
1388545663.605311
1388545663.610059
1388545663.614747
1388545663.634548
1388545663.640044
1388545663.652850
1388545663.662850
1388545663.667298
1388545663.670568
1388545663.676136
1388545663.679477
1388545663.683303
1388545663.704969
1388545663.707549
1388545663.709815
1388545663.712541
1388545663.715332
1388545663.717729
1388545663.719949
1388545663.841243
1388545663.846710
1388545663.884995
1388545663.892805
1388545663.899287
1388545663.904716
1388545663.912044
1388545663.918150
1388545663.928221
1388545663.932558
1388545663.936515
1388545663.958636
1388545663.961890
1388545663.964988
1388545663.968036
1388545663.972751
1388545663.976898
1388545663.983770
1388545664.004729
1388545664.008565
1388545664.013468
1388545664.017267
1388545664.020421
1388545664.023985
1388545664.027588
1388545664.058369
1388545664.061378
1388545664.069812
1388545664.079091
1388545664.082600
1388545664.085862
1388545664.100541
1388545664.104384
1388545664.109730
1388545664.113493
1388545664.132582
1388545664.142023
1388545664.145396
1388545664.148359
1388545664.197611
1388545664.201310
1388545664.204182
1388545664.207534
1388545664.211039
1388545664.215166
1388545664.220433
1388545664.223803
1388545664.308051
1388545664.314503
1388545664.344345
1388545664.350351
1388545664.360319
1388545664.385312
1388545664.392648
1388545664.401145
1388545664.406655
1388545664.411726
1388545664.436671
1388545664.442360
1388545664.446330
1388545664.469048
1388545664.472918
1388545664.484430
1388545664.489088
1388545664.493127
1388545664.497042
1388545664.505214
1388545664.524770
1388545664.527132
1388545664.529372
1388545664.543914
1388545664.546862
1388545664.556816
1388545664.567102
1388545664.570776
1388545664.582644
1388545664.585410
1388545664.595120
1388545664.598338
1388545664.603094
1388545664.606406
1388545664.639064
1388545664.641371
1388545664.644064
1388545664.646706
1388545664.689474
1388545664.693173
1388545664.696545
1388545664.700195
1388545664.704848
1388545664.725812
1388545664.805304
1388545664.811706
1388545664.839700
1388545664.850393
1388545664.860340
1388545664.880408
1388545664.886710
1388545664.889196
1388545664.896835
1388545664.899817
1388545664.903252
1388545664.905980
1388545664.926873
1388545664.929313
1388545664.940363
1388545664.944132
1388545664.949342
1388545664.952731
1388545664.954976
1388545664.957850
1388545664.960218
1388545664.962801
1388545664.966283
1388545664.969699
1388545665.055796
1388545665.070253
1388545665.078186
1388545665.084721
1388545665.093359
1388545665.119282
1388545665.134397
1388545665.142182
1388545665.170559
1388545665.186751
1388545665.201596
1388545665.208941
1388545665.214008
1388545665.310845
1388545665.318674
1388545665.331753
1388545665.339660
1388545665.373790
1388545665.378406
1388545665.401293
1388545665.407084
1388545665.415739
1388545665.436941
1388545665.441559
1388545665.458688
1388545665.462115
1388545665.465378
1388545665.468569
1388545665.472735
1388545665.477051
1388545665.500800
1388545665.504691
1388545665.513562
1388545665.519321
1388545665.522303
1388545665.525734
1388545665.530761
1388545665.535416
1388545665.654376
1388545665.661703
1388545665.667091
1388545665.673874
1388545665.682583
1388545665.688348
1388545665.710035
1388545665.724989
1388545665.739471
1388545665.753736
1388545665.761000
1388545665.765689
1388545665.772262
1388545665.776323
1388545665.780283
1388545665.784789
1388545665.807786
1388545665.823322
1388545665.901556
1388545665.903903
1388545665.910020
1388545665.912248
1388545665.915246
1388545665.919640
1388545665.922339
1388545665.924722
1388545665.949828
1388545665.960844
1388545665.963851
1388545665.967353
1388545665.970684
1388545665.976537
1388545665.979350
1388545665.981895
1388545666.004905
1388545666.009194
1388545666.018689
1388545666.023697
1388545666.036431
1388545666.039833
1388545666.053397
1388545666.056262
1388545666.063394
1388545666.077831
1388545666.090740
1388545666.100760
1388545666.104844
1388545666.107371
1388545666.109577
1388545666.111716
1388545666.114235
1388545666.117014
1388545666.119271
1388545666.122262
1388545666.215825
1388545666.224269
1388545666.230745
1388545666.276037
1388545666.291991
1388545666.299389
1388545666.305029
1388545666.332248
1388545666.336118
1388545666.339674
1388545666.342564
1388545666.345829
1388545666.351756
1388545666.355854
1388545666.367010
1388545666.379989
1388545666.393699
1388545666.407487
1388545666.412037
1388545666.416275
1388545666.422970
1388545666.426493
1388545666.430492
1388545666.458126
1388545666.463705
1388545666.466682
1388545666.473001
1388545666.484489
1388545666.497101
1388545666.508735
1388545666.518198
1388545666.521728
1388545666.525368
1388545666.530011
1388545666.534833
1388545666.563950
1388545666.580954
1388545666.597366
1388545666.613344
1388545666.618905
1388545666.624113
1388545666.628774
1388545666.671864
1388545666.677788
1388545666.680796
1388545666.694357
1388545666.699491
1388545666.703597
1388545666.709452
1388545666.713367
1388545666.718040
1388545666.734266
1388545666.738198
1388545666.741247
1388545666.744946
1388545666.750578
1388545666.754552
1388545666.761356
1388545666.764582
1388545666.768086
1388545666.792546
1388545666.795867
1388545666.798912
1388545666.823034
1388545666.835586
1388545666.841791
1388545666.874786
1388545666.883030
1388545666.894344
1388545666.900269
1388545666.906402
1388545666.934615
1388545666.947170
1388545666.962915
1388545666.970693
1388545667.006793
1388545667.014782
1388545667.047019
1388545667.052378
1388545667.060183
1388545667.087798
1388545667.094886
1388545667.103114
1388545667.132957
1388545667.145988
1388545667.151098
1388545667.154634
1388545667.164226
1388545667.176742
1388545667.191737
1388545667.196521
1388545667.285966
1388545667.293472
1388545667.312560
1388545667.322240
1388545667.330451
1388545667.349533
1388545667.365515
1388545667.374750
1388545667.407517
1388545667.413975
1388545667.436007
1388545667.453759
1388545667.461707
1388545667.469396
1388545667.509665
1388545667.513567
1388545667.518983
1388545667.525340
1388545667.529452
1388545667.535704
1388545667.542280
1388545667.546317
1388545667.572632
1388545667.575271
1388545667.581715
1388545667.583809
1388545667.589918
1388545667.593335
1388545667.595414
1388545667.598253
1388545667.611969
1388545667.615561
1388545667.619557
1388545667.622832
1388545667.625679
1388545667.628310
1388545667.630794
1388545667.695546
1388545667.701881
1388545667.706675
1388545667.749329
1388545667.755065
1388545667.760029
1388545667.765596
1388545667.773597
1388545667.781255
1388545667.789144
1388545667.795157
1388545667.801040
1388545667.823248
1388545667.826272
1388545667.830666
1388545667.846616
1388545667.860325
1388545667.912553
1388545667.916395
1388545667.932919
1388545667.945894
1388545667.950254
1388545667.954136
1388545667.957459
1388545667.962596
1388545667.966634
1388545667.970152
1388545667.973211
1388545667.976643
1388545667.981049
1388545667.995889
1388545667.998689
1388545668.000657
1388545668.003917
1388545668.007843
1388545668.029182
1388545668.032135
1388545668.123567
1388545668.129440
1388545668.135023
1388545668.141686
1388545668.149367
1388545668.156793
1388545668.164014
1388545668.168195
1388545668.173281
1388545668.176345
1388545668.179524
1388545668.182140
1388545668.184879
1388545668.187640
1388545668.191423
1388545668.194677
1388545668.211556
1388545668.214192
1388545668.217258
1388545668.224254
1388545668.227329
1388545668.230887
1388545668.239465
1388545668.242905
1388545668.245320
1388545668.248738
1388545668.255789
1388545668.339491
1388545668.345701
1388545668.349328
1388545668.352674
1388545668.356523
1388545668.375662
1388545668.379824
1388545668.385132
1388545668.411201
1388545668.415694
1388545668.421566
1388545668.447392
1388545668.456982
1388545668.460955
1388545668.469259
1388545668.473877
1388545668.478402
1388545668.484063
1388545668.488523
1388545668.492191
1388545668.496471
1388545668.501176
1388545668.507310
1388545668.513307
1388545668.516410
1388545668.566306
1388545668.573186
1388545668.579375
1388545668.599544
1388545668.613832
1388545668.617512
1388545668.622821
1388545668.626066
1388545668.629150
1388545668.634410
1388545668.638519
1388545668.643627
1388545668.647683
1388545668.650667
1388545668.653814
1388545668.672514
1388545668.676904
1388545668.680013
1388545668.682401
1388545668.728721
1388545668.733837
1388545668.737173
1388545668.740456
1388545668.742875
1388545668.745852
1388545668.748934
1388545668.751446
1388545668.754411
1388545668.757111
1388545668.786988
1388545668.791994
1388545668.795206
1388545668.801093
1388545668.804987
1388545668.808079
1388545668.810539
1388545668.813515
1388545668.843038
1388545668.847817
1388545668.853523
1388545668.858142
1388545668.863702
1388545668.868547
1388545668.891237
1388545668.896692
1388545668.903657
1388545668.906648
1388545668.909789
1388545668.916855
1388545668.921327
1388545668.925770
1388545668.928793
1388545668.931273
1388545668.934578
1388545669.039719
1388545669.044668
1388545669.050067
1388545669.057719
1388545669.065688
1388545669.072290
1388545669.103294
1388545669.123246
1388545669.128750
1388545669.135319
1388545669.143402
1388545669.150351
1388545669.157572
1388545669.164658
1388545669.172400
1388545669.182088
1388545669.188811
1388545669.213408
1388545669.216155
1388545669.219726
1388545669.222311
1388545669.225107
1388545669.228064
1388545669.233040
1388545669.265351
1388545669.270291
1388545669.275405
1388545669.278655
1388545669.281215
1388545669.284375
1388545669.323882
1388545669.328095
1388545669.334487
1388545669.343207
1388545669.345435
1388545669.348442
1388545669.351168
1388545669.353865
1388545669.429734
1388545669.436243
1388545669.440937
1388545669.476153
1388545669.485644
1388545669.490783
1388545669.496361
1388545669.522957
1388545669.525558
1388545669.537304
1388545669.543671
1388545669.547412
1388545669.550454
1388545669.553892
1388545669.556765
1388545669.559892
1388545669.595199
1388545669.600673
1388545669.603302
1388545669.631044
1388545669.638084
1388545669.641407
1388545669.644014
1388545669.647433
1388545669.651162
1388545669.657153
1388545669.660609
1388545669.666073
1388545669.683230
1388545669.689097
1388545669.704703
1388545669.714012
1388545669.730020
1388545669.736774
1388545669.745365
1388545669.757472
1388545669.845523
1388545669.851221
1388545669.857299
1388545669.864710
1388545669.893914
1388545669.901538
1388545669.924477
1388545669.937443
1388545669.955422
1388545669.974811
1388545669.981272
1388545669.987461
1388545669.994490
1388545670.002442
1388545670.019383
1388545670.026133
1388545670.040307
1388545670.052642
1388545670.057308
1388545670.060720
1388545670.159178
1388545670.165369
1388545670.171342
1388545670.199148
1388545670.203991
1388545670.209955
1388545670.214129
1388545670.218007
1388545670.235522
1388545670.243293
1388545670.255106
1388545670.266112
1388545670.270921
1388545670.275517
1388545670.305852
1388545670.317934
1388545670.321426
1388545670.331169
1388545670.346219
1388545670.349666
1388545670.359642
1388545670.371579
1388545670.389199
1388545670.402951
1388545670.419716
1388545670.425277
1388545670.432452
1388545670.455933
1388545670.463743
1388545670.470506
1388545670.474590
1388545670.479342
1388545670.490120
1388545670.499082
1388545670.503171
1388545670.507031
1388545670.512553
1388545670.530789
1388545670.541409
1388545670.546638
1388545670.558941
1388545670.562943
1388545670.566493
1388545670.570626
1388545670.574496
1388545670.579524
1388545670.623927
1388545670.634149
1388545670.640502
1388545670.668092
1388545670.673428
1388545670.678894
1388545670.684839
1388545670.688548
1388545670.692260
1388545670.718612
1388545670.733486
1388545670.737796
1388545670.778804
1388545670.782280
1388545670.785672
1388545670.788943
1388545670.793208
1388545670.817589
1388545670.821174
1388545670.827716
1388545670.862903
1388545670.878276
1388545670.884896
1388545670.890744
1388545670.897077
1388545670.901277
1388545670.929757
1388545670.933663
1388545670.937184
1388545670.984664
1388545670.989966
1388545670.996737
1388545671.003628
1388545671.010897
1388545671.041547
1388545671.045202
1388545671.048499
1388545671.076742
1388545671.084168
1388545671.097976
1388545671.101325
1388545671.104411
1388545671.107583
1388545671.112012
1388545671.116583
1388545671.120885
1388545671.125104
1388545671.129651
1388545671.132662
1388545671.135082
1388545671.137167
1388545671.139316
1388545671.141819
1388545671.147896
1388545671.150895
1388545671.155817
1388545671.198642
1388545671.200981
1388545671.203348
1388545671.206980
1388545671.210926
1388545671.213669
1388545671.218222
1388545671.221479
1388545671.223837
1388545671.226371
1388545671.251009
1388545671.253412
1388545671.255696
1388545671.258480
1388545671.260846
1388545671.262998
1388545671.265369
1388545671.287454
1388545671.290364
1388545671.302769
1388545671.306083
1388545671.318934
1388545671.321225
1388545671.323363
1388545671.325953
1388545671.328251
1388545671.333199
1388545671.336103
1388545671.340588
1388545671.342939
1388545671.345679
1388545671.348244
1388545671.350485
1388545671.352961
1388545671.354957
1388545671.375030
1388545671.377721
1388545671.379993
1388545671.388724
1388545671.399943
1388545671.404305
1388545671.406317
1388545671.409181
1388545671.411553
1388545671.413959
1388545671.415931
1388545671.418005
1388545671.420281
1388545671.455333
1388545671.458950
1388545671.463930
1388545671.480093
1388545671.489912
1388545671.496856
1388545671.499072
1388545671.501521
1388545671.507175
1388545671.509353
1388545671.511584
1388545671.527842
1388545671.530919
1388545671.545376
1388545671.561655
1388545671.570575
1388545671.579518
1388545671.593000
1388545671.603665
1388545671.606012
1388545671.610427
1388545671.613211
1388545671.617194
1388545671.621108
1388545671.623767
1388545671.626065
1388545671.656835
1388545671.660612
1388545671.663052
1388545671.665997
1388545671.668756
1388545671.687562
1388545671.690525
1388545671.692525
1388545671.699596
1388545671.701950
1388545671.704651
1388545671.719545
1388545671.722311
1388545671.729079
1388545671.731775
1388545671.734951
1388545671.737236
1388545671.760617
1388545671.774487
1388545671.785687
1388545671.803354
1388545671.806853
1388545671.821421
1388545671.829697
1388545671.840190
1388545671.843013
1388545671.933664
1388545671.939785
1388545671.946663
1388545671.953303
1388545671.983838
1388545671.993261
1388545672.000620
1388545672.007726
1388545672.013779
1388545672.023953
1388545672.030851
1388545672.036093
1388545672.041702
1388545672.071920
1388545672.077112
1388545672.079998
1388545672.083334
1388545672.093588
1388545672.099995
1388545672.105080
1388545672.117475
1388545672.121066
1388545672.135147
1388545672.138441
1388545672.141517
1388545672.144488
1388545672.147191
1388545672.149781
1388545672.152860
1388545672.156237
1388545672.160347
1388545672.163906
1388545672.169124
1388545672.172433
1388545672.176038
1388545672.178728
1388545672.201927
1388545672.205312
1388545672.207948
1388545672.210848
1388545672.214702
1388545672.221441
1388545672.225372
1388545672.230342
1388545672.234206
1388545672.238236
1388545672.241177
1388545672.243346
1388545672.245444
1388545672.248367
1388545672.252527
1388545672.256500
1388545672.291595
1388545672.294046
1388545672.296722
1388545672.298865
1388545672.323066
1388545672.325251
1388545672.327524
1388545672.329525
1388545672.331691
1388545672.333815
1388545672.336877
1388545672.339396
1388545672.364675
1388545672.366675
1388545672.369254
1388545672.372088
1388545672.406038
1388545672.409485
1388545672.413660
1388545672.459655
1388545672.472297
1388545672.478027
1388545672.481479
1388545672.484659
1388545672.488005
1388545672.498920
1388545672.504294
1388545672.509763
1388545672.526344
1388545672.532549
1388545672.535845
1388545672.542588
1388545672.547021
1388545672.549793
1388545672.553481
1388545672.556418
1388545672.561462
1388545672.566109
1388545672.570604
1388545672.573743
1388545672.576261
1388545672.578455
1388545672.580627
1388545672.613434
1388545672.618947
1388545672.623169
1388545672.625302
1388545672.628436
1388545672.668728
1388545672.671357
1388545672.674234
1388545672.676566
1388545672.759025
1388545672.764807
1388545672.770957
1388545672.777169
1388545672.802315
1388545672.812355
1388545672.818153
1388545672.824028
1388545672.829560
1388545672.836303
1388545672.842513
1388545672.848403
1388545672.852163
1388545672.875211
1388545672.888859
1388545672.892531
1388545672.897099
1388545672.902524
1388545672.906459
1388545672.909565
1388545672.912271
1388545672.951680
1388545672.964695
1388545672.968418
1388545672.971982
1388545672.974902
1388545673.003361
1388545673.011336
1388545673.015223
1388545673.019907
1388545673.070480
1388545673.073232
1388545673.076623
1388545673.081117
1388545673.084766
1388545673.100692
1388545673.104164
1388545673.106810
1388545673.123124
1388545673.126600
1388545673.129523
1388545673.133180
1388545673.136828
1388545673.140335
1388545673.142969
1388545673.156971
1388545673.159091
1388545673.161723
1388545673.163781
1388545673.166970
1388545673.192486
1388545673.194533
1388545673.196732
1388545673.199265
1388545673.205025
1388545673.207700
1388545673.213211
1388545673.216064
1388545673.218335
1388545673.220485
1388545673.222928
1388545673.226337
1388545673.229337
1388545673.244871
1388545673.247607
1388545673.250890
1388545673.253565
1388545673.255560
1388545673.277156
1388545673.279743
1388545673.282828
1388545673.285717
1388545673.288873
1388545673.311545
1388545673.313547
1388545673.316673
1388545673.319314
1388545673.321404
1388545673.324291
1388545673.417761
1388545673.424112
1388545673.429136
1388545673.436105
1388545673.443074
1388545673.449320
1388545673.455787
1388545673.464513
1388545673.471202
1388545673.475093
1388545673.478878
1388545673.482082
1388545673.485744
1388545673.491638
1388545673.495210
1388545673.517381
1388545673.520385
1388545673.523584
1388545673.530234
1388545673.533122
1388545673.535929
1388545673.538665
1388545673.540973
1388545673.542957
1388545673.557734
1388545673.563560
1388545673.566118
1388545673.568673
1388545673.570815
1388545673.572997
1388545673.575215
1388545673.577845
1388545673.581726
1388545673.584899
1388545673.588003
1388545673.592259
1388545673.627547
1388545673.629757
1388545673.633180
1388545673.635299
1388545673.637476
1388545673.639845
1388545673.643020
1388545673.666894
1388545673.670857
1388545673.675219
1388545673.677589
1388545673.680637
1388545673.700659
1388545673.704444
1388545673.707838
1388545673.710164
1388545673.714686
1388545673.717146
1388545673.719283
1388545673.721402
1388545673.723367
1388545673.756140
1388545673.758884
1388545673.760981
1388545673.763490
1388545673.768978
1388545673.772016
1388545673.776319
1388545673.779577
1388545673.838896
1388545673.844747
1388545673.849006
1388545673.855745
1388545673.890571
1388545673.909661
1388545673.916297
1388545673.922642
1388545673.929326
1388545673.934143
1388545673.941478
1388545673.950415
1388545673.958234
1388545673.962807
1388545673.970235
1388545673.976768
1388545673.982410
1388545673.987457
1388545673.990493
1388545673.993395
1388545673.996806
1388545673.999565
1388545674.003310
1388545674.006449
1388545674.010667
1388545674.034129
1388545674.038520
1388545674.043315
1388545674.045627
1388545674.047834
1388545674.050195
1388545674.052430
1388545674.054391
1388545674.056609
1388545674.059127
1388545674.079343
1388545674.081587
1388545674.083551
1388545674.085679
1388545674.088050
1388545674.106974
1388545674.109049
1388545674.111287
1388545674.113808
1388545674.115966
1388545674.118251
1388545674.122642
1388545674.127394
1388545674.158878
1388545674.164958
1388545674.167100
1388545674.178575
1388545674.180594
1388545674.183268
1388545674.186510
1388545674.189133
1388545674.194057
1388545674.196516
1388545674.199083
1388545674.201600
1388545674.203956
1388545674.206480
1388545674.264610
1388545674.288961
1388545674.291114
1388545674.298348
1388545674.305901
1388545674.311639
1388545674.313903
1388545674.328733
1388545674.332103
1388545674.342252
1388545674.344944
1388545674.348306
1388545674.350925
1388545674.443592
1388545674.449744
1388545674.476246
1388545674.493397
1388545674.500116
1388545674.505360
1388545674.511543
1388545674.519178
1388545674.524322
1388545674.529270
1388545674.533903
1388545674.537121
1388545674.540252
1388545674.545457
1388545674.569426
1388545674.579103
1388545674.582681
1388545674.586509
1388545674.664438
1388545674.672036
1388545674.679644
1388545674.706829
1388545674.719821
1388545674.725689
1388545674.729681
1388545674.764973
1388545674.770204
1388545674.801037
1388545674.811810
1388545674.821580
1388545674.831727
1388545674.840841
1388545674.848602
1388545674.861277
1388545674.874002
1388545674.877923
1388545674.883790
1388545674.887287
1388545674.901292
1388545674.906276
1388545674.910605
1388545675.007182
1388545675.015683
1388545675.025046
1388545675.033579
1388545675.040309
1388545675.060902
1388545675.075271
1388545675.080601
1388545675.105936
1388545675.114746
1388545675.129315
1388545675.134980
1388545675.139199
1388545675.145438
1388545675.177263
1388545675.186921
1388545675.201700
1388545675.218002
1388545675.226473
1388545675.230023
1388545675.234599
1388545675.240035
1388545675.246572
1388545675.275291
1388545675.280974
1388545675.321671
1388545675.327627
1388545675.343863
1388545675.353718
1388545675.362845
1388545675.375612
1388545675.387446
1388545675.393266
1388545675.407056
1388545675.416685
1388545675.420834
1388545675.430268
1388545675.435538
1388545675.483967
1388545675.487432
1388545675.491329
1388545675.494651
1388545675.498248
1388545675.503979
1388545675.508961
1388545675.512728
1388545675.517673
1388545675.522937
1388545675.528542
1388545675.532929
1388545675.536719
1388545675.540106
1388545675.542186
1388545675.544444
1388545675.546618
1388545675.548555
1388545675.551194
1388545675.554540
1388545675.557619
1388545675.561803
1388545675.564651
1388545675.566822
1388545675.569082
1388545675.571367
1388545675.574633
1388545675.576949
1388545675.579362
1388545675.582898
1388545675.586561
1388545675.589165
1388545675.636238
1388545675.654131
1388545675.662235
1388545675.678441
1388545675.683615
1388545675.688275
1388545675.715421
1388545675.719282
1388545675.722767
1388545675.764441
1388545675.767757
1388545675.772070
1388545675.793994
1388545675.796406
1388545675.798445
1388545675.802965
1388545675.806148
1388545675.809593
1388545675.813189
1388545675.832442
1388545675.836549
1388545675.843928
1388545675.847063
1388545675.849740
1388545675.851802
1388545675.857803
1388545675.860601
1388545675.864045
1388545675.867022
1388545675.876109
1388545675.878274
1388545675.881051
1388545675.883020
1388545675.897564
1388545675.901715
1388545675.905966
1388545675.913452
1388545675.915518
1388545675.918104
1388545675.920671
1388545675.922910
1388545675.925752
1388545675.930215
1388545675.935921
1388545675.938351
1388545675.940895
1388545675.943604
1388545675.969158
1388545675.972385
1388545675.974409
1388545675.976806
1388545675.989885
1388545675.993572
1388545676.001701
1388545676.004175
1388545676.006394
1388545676.008686
1388545676.022821
1388545676.026019
1388545676.042327
1388545676.044403
1388545676.049908
1388545676.054099
1388545676.057908
1388545676.099371
1388545676.101505
1388545676.104477
1388545676.107011
1388545676.109015
1388545676.114547
1388545676.117191
1388545676.121361
1388545676.125017
1388545676.127190
1388545676.129976
1388545676.132582
1388545676.134960
1388545676.175984
1388545676.178738
1388545676.181039
1388545676.183670
1388545676.186199
1388545676.189326
1388545676.193099
1388545676.196245
1388545676.198414
1388545676.200591
1388545676.203156
1388545676.207783
1388545676.211281
1388545676.215841
1388545676.218001
1388545676.220599
1388545676.222874
1388545676.225158
1388545676.227356
1388545676.229489
1388545676.231628
1388545676.233731
1388545676.236464
1388545676.239354
1388545676.242471
1388545676.245414
1388545676.249601
1388545676.253282
1388545676.256115
1388545676.258481
1388545676.261635
1388545676.264193
1388545676.266363
1388545676.269358
1388545676.273400
1388545676.276730
1388545676.281446
1388545676.283794
1388545676.286376
1388545676.288597
1388545676.290719
1388545676.293069
1388545676.295308
1388545676.297583
1388545676.300173
1388545676.304607
1388545676.307848
1388545676.313376
1388545676.316168
1388545676.319235
1388545676.322027
1388545676.324373
1388545676.326480
1388545676.328597
1388545676.331526
1388545676.334661
1388545676.337854
1388545676.341681
1388545676.344699
1388545676.346788
1388545676.348989
1388545676.351529
1388545676.354532
1388545676.356708
1388545676.358808
1388545676.361360
1388545676.365616
1388545676.368512
1388545676.373651
1388545676.376290
1388545676.378483
1388545676.380865
1388545676.383037
1388545676.385616
1388545676.387822
1388545676.390363
1388545676.393960
1388545676.396917
1388545676.400199
1388545676.405597
1388545676.407786
1388545676.409988
1388545676.412411
1388545676.414562
1388545676.416651
1388545676.419184
1388545676.421549
1388545676.424893
1388545676.427411
1388545676.431548
1388545676.435695
1388545676.437884
1388545676.440080
1388545676.442258
1388545676.444602
1388545676.446726
1388545676.448853
1388545676.451499
1388545676.457784
1388545676.461133
1388545676.466204
1388545676.469156
1388545676.471563
1388545676.473731
1388545676.475932
1388545676.478155
1388545676.480938
1388545676.486498
1388545676.489595
1388545676.493160
1388545676.497728
1388545676.499978
1388545676.502623
1388545676.504916
1388545676.507158
1388545676.509375
1388545676.512238
1388545676.515057
1388545676.518376
1388545676.521334
1388545676.525337
1388545676.529548
1388545676.531784
1388545676.534070
1388545676.536629
1388545676.538788
1388545676.540997
1388545676.543133
1388545676.548384
1388545676.551188
1388545676.555221
1388545676.559583
1388545676.561824
1388545676.564642
1388545676.566894
1388545676.569559
1388545676.571837
1388545676.573975
1388545676.576844
1388545676.580425
1388545676.582828
1388545676.587139
1388545676.591096
1388545676.593437
1388545676.595730
1388545676.597876
1388545676.600496
1388545676.606660
1388545676.609807
1388545676.613810
1388545676.616670
1388545676.621989
1388545676.624302
1388545676.626525
1388545676.628808
1388545676.631021
1388545676.633860
1388545676.636419
1388545676.639320
1388545676.642642
1388545676.692274
1388545676.700648
1388545676.713385
1388545676.719736
1388545676.727551
1388545676.735030
1388545676.738161
1388545676.742298
1388545676.747412
1388545676.752089
1388545676.754367
1388545676.756635
1388545676.758952
1388545676.764219
1388545676.768102
1388545676.772671
1388545676.775047
1388545676.777645
1388545676.781869
1388545676.784676
1388545676.786737
1388545676.788941
1388545676.791080
1388545676.793113
1388545676.795580
1388545676.798953
1388545676.801749
1388545676.805405
1388545676.808733
1388545676.810830
1388545676.812977
1388545676.815689
1388545676.818374
1388545676.820395
1388545676.822594
1388545676.824975
1388545676.831133
1388545676.835510
1388545676.839145
1388545676.841924
1388545676.844309
1388545676.846322
1388545676.849263
1388545676.852045
1388545676.854096
1388545676.858775
1388545676.862224
1388545676.867164
1388545676.869773
1388545676.871952
1388545676.873946
1388545676.876001
1388545676.878106
1388545676.880415
1388545676.883077
1388545676.886560
1388545676.889792
1388545676.892194
1388545676.896496
1388545676.900154
1388545676.902240
1388545676.904316
1388545676.906351
1388545676.908373
1388545676.910398
1388545676.912496
1388545676.914567
1388545676.917450
1388545676.921141
1388545676.923757
1388545676.927060
1388545676.931807
1388545676.934391
1388545676.936570
1388545676.938617
1388545676.940699
1388545677.312547
1388545677.318158
1388545677.323496
1388545677.328859
1388545677.337041
1388545677.342280
1388545677.346579
