2650
9
1388543547.982893
1388543548.006067
1388543548.008475
1388543548.014001
1388543548.016436
1388543548.020624
1388543548.025738
1388543548.028027
1388543548.030393
1388543548.032270
1388543548.034465
1388543548.036565
1388543548.038182
1388543548.048102
1388543548.050454
1388543548.053538
1388543548.056513
1388543548.059505
1388543548.061291
1388543548.063259
1388543548.064983
1388543548.066577
1388543548.068733
1388543548.070348
1388543548.072405
1388543548.074174
1388543548.076736
1388543548.079002
1388543548.081143
1388543548.084494
1388543548.087804
1388543548.090479
1388543548.092169
1388543548.093683
1388543548.095484
1388543548.097060
1388543548.098492
1388543548.099951
1388543548.101359
1388543548.102767
1388543548.104272
1388543548.106262
1388543548.108107
1388543548.109993
1388543548.111924
1388543548.114237
1388543548.117312
1388543548.118855
1388543548.120418
1388543548.121873
1388543548.131954
1388543548.133363
1388543548.134740
1388543548.136494
1388543548.140568
1388543548.142526
1388543548.162673
1388543548.164291
1388543548.165765
1388543548.167327
1388543548.172464
1388543548.174148
1388543548.176963
1388543548.180063
1388543548.181605
1388543548.183259
1388543548.185623
1388543548.187133
1388543548.188599
1388543548.190020
1388543548.191460
1388543548.192945
1388543548.194758
1388543548.196330
1388543548.197975
1388543548.199966
1388543548.201455
1388543548.203526
1388543548.205224
1388543548.208472
1388543548.211640
1388543548.213156
1388543548.214599
1388543548.216204
1388543548.217575
1388543548.218972
1388543548.220443
1388543548.221878
1388543548.223490
1388543548.224887
1388543548.226515
1388543548.228502
1388543548.233196
1388543548.234783
1388543548.237221
1388543548.241517
1388543548.243095
1388543548.244894
1388543548.246432
1388543548.248026
1388543548.249444
1388543548.250869
1388543548.252353
1388543548.253752
1388543548.255324
1388543548.256848
1388543548.258491
1388543548.263336
1388543548.265164
1388543548.268658
1388543548.271415
1388543548.273075
1388543548.274675
1388543548.276272
1388543548.278083
1388543548.279615
1388543548.281046
1388543548.282468
1388543548.283904
1388543548.285336
1388543548.286755
1388543548.288259
1388543548.290274
1388543548.291755
1388543548.293889
1388543548.295866
1388543548.298822
1388543548.302062
1388543548.303574
1388543548.305018
1388543548.306393
1388543548.307851
1388543548.309279
1388543548.311124
1388543548.313150
1388543548.314544
1388543548.316068
1388543548.317460
1388543548.318897
1388543548.320694
1388543548.322377
1388543548.324946
1388543548.326896
1388543548.331317
1388543548.333070
1388543548.334543
1388543548.336109
1388543548.337504
1388543548.338897
1388543548.340355
1388543548.341772
1388543548.343305
1388543548.345085
1388543548.346551
1388543548.348232
1388543548.349584
1388543548.351104
1388543548.352588
1388543548.354463
1388543548.356128
1388543548.359364
1388543548.361939
1388543548.363444
1388543548.364927
1388543548.366344
1388543548.367805
1388543548.369279
1388543548.370691
1388543548.372095
1388543548.373512
1388543548.374963
1388543548.376463
1388543548.378262
1388543548.379721
1388543548.381786
1388543548.383276
1388543548.385425
1388543548.387361
1388543548.391387
1388543548.393085
1388543548.394777
1388543548.396156
1388543548.397529
1388543548.398857
1388543548.400272
1388543548.401650
1388543548.402986
1388543548.404412
1388543548.405754
1388543548.407159
1388543548.408501
1388543548.409980
1388543548.415177
1388543548.417087
1388543548.421278
1388543548.423455
1388543548.424832
1388543548.426259
1388543548.428137
1388543548.429541
1388543548.430920
1388543548.432462
1388543548.433820
1388543548.435219
1388543548.436573
1388543548.437962
1388543548.439750
1388543548.441694
1388543548.444216
1388543548.446009
1388543548.448498
1388543548.450373
1388543548.453625
1388543548.455645
1388543548.457030
1388543548.458482
1388543548.460316
1388543548.461838
1388543548.463239
1388543548.464596
1388543548.466362
1388543548.467734
1388543548.469075
1388543548.470439
1388543548.471947
1388543548.473683
1388543548.475248
1388543548.477458
1388543548.479300
1388543548.481971
1388543548.484678
1388543548.486071
1388543548.487545
1388543548.488930
1388543548.490483
1388543548.491921
1388543548.493824
1388543548.495444
1388543548.496812
1388543548.498173
1388543548.499548
1388543548.500924
1388543548.502368
1388543548.504457
1388543548.506091
1388543548.508335
1388543548.510013
1388543548.512709
1388543548.516735
1388543548.518286
1388543548.519730
1388543548.521332
1388543548.523118
1388543548.524644
1388543548.526642
1388543548.528216
1388543548.529670
1388543548.531159
1388543548.535370
1388543548.537919
1388543548.539768
1388543548.542945
1388543548.545842
1388543548.547475
1388543548.548928
1388543548.550358
1388543548.551764
1388543548.553276
1388543548.554693
1388543548.556255
1388543548.557613
1388543548.559117
1388543548.560968
1388543548.562489
1388543548.568015
1388543548.570016
1388543548.573625
1388543548.576387
1388543548.577924
1388543548.579646
1388543548.581036
1388543548.582472
1388543548.583941
1388543548.585423
1388543548.586819
1388543548.588353
1388543548.589700
1388543548.591085
1388543548.592671
1388543548.594432
1388543548.596033
1388543548.598371
1388543548.600323
1388543548.603691
1388543548.606291
1388543548.607841
1388543548.609626
1388543548.611190
1388543548.612664
1388543548.614102
1388543548.615577
1388543548.616965
1388543548.618409
1388543548.619916
1388543548.621326
1388543548.622736
1388543548.624833
1388543548.626914
1388543548.629047
1388543548.630735
1388543548.633070
1388543548.636671
1388543548.638332
1388543548.639759
1388543548.641168
1388543548.642964
1388543548.644464
1388543548.645856
1388543548.647311
1388543548.648723
1388543548.650218
1388543548.651713
1388543548.653152
1388543548.656150
1388543548.658917
1388543548.661212
1388543548.665649
1388543548.667396
1388543548.668903
1388543548.670392
1388543548.671866
1388543548.673303
1388543548.674720
1388543548.676577
1388543548.678015
1388543548.679543
1388543548.681043
1388543548.682435
1388543548.683979
1388543548.688824
1388543548.691505
1388543548.695536
1388543548.697639
1388543548.699159
1388543548.700569
1388543548.701951
1388543548.703422
1388543548.704809
1388543548.706214
1388543548.707743
1388543548.709542
1388543548.711003
1388543548.712454
1388543548.713885
1388543548.715677
1388543548.717143
1388543548.719526
1388543548.721517
1388543548.724902
1388543548.726671
1388543548.728102
1388543548.729540
1388543548.730951
1388543548.732361
1388543548.733689
1388543548.735129
1388543548.736563
1388543548.737914
1388543548.739351
1388543548.740839
1388543548.742655
1388543548.744092
1388543548.746698
1388543548.748207
1388543548.750517
1388543548.752325
1388543548.755462
1388543548.757653
1388543548.759544
1388543548.761174
1388543548.762669
1388543548.764148
1388543548.765540
1388543548.766930
1388543548.768408
1388543548.769809
1388543548.771198
1388543548.772607
1388543548.774065
1388543548.776337
1388543548.777892
1388543548.780582
1388543548.782262
1388543548.786196
1388543548.788597
1388543548.790104
1388543548.791932
1388543548.793478
1388543548.794961
1388543548.799720
1388543548.801141
1388543548.802527
1388543548.804209
1388543548.806105
1388543548.807983
1388543548.810480
1388543548.812317
1388543548.814529
1388543548.818347
1388543548.819798
1388543548.821322
1388543548.822727
1388543548.824190
1388543548.826028
1388543548.827550
1388543548.829140
1388543548.830573
1388543548.832112
1388543548.833538
1388543548.834913
1388543548.840652
1388543548.842559
1388543548.845722
1388543548.848583
1388543548.850058
1388543548.851514
1388543548.852925
1388543548.854324
1388543548.855712
1388543548.857155
1388543548.859097
1388543548.860487
1388543548.861844
1388543548.863347
1388543548.864831
1388543548.866371
1388543548.867902
1388543548.870170
1388543548.872555
1388543548.876658
1388543548.878851
1388543548.880374
1388543548.881797
1388543548.883386
1388543548.884831
1388543548.886280
1388543548.887718
1388543548.889133
1388543548.890525
1388543548.892523
1388543548.894159
1388543548.895855
1388543548.897906
1388543548.899613
1388543548.901909
1388543548.904688
1388543548.909146
1388543548.910771
1388543548.912208
1388543548.913634
1388543548.915106
1388543548.916461
1388543548.917837
1388543548.919277
1388543548.920631
1388543548.921970
1388543548.923483
1388543548.925233
1388543548.927152
1388543548.929136
1388543548.930974
1388543548.934098
1388543548.937852
1388543548.940118
1388543548.942002
1388543548.943534
1388543548.944927
1388543548.946363
1388543548.947828
1388543548.949315
1388543548.950770
1388543548.952209
1388543548.953713
1388543548.955575
1388543548.958166
1388543548.959746
1388543548.961601
1388543548.964203
1388543548.967725
1388543548.970504
1388543548.971983
1388543548.973435
1388543548.975345
1388543548.976839
1388543548.978355
1388543548.979862
1388543548.981292
1388543548.982699
1388543548.984154
1388543548.985538
1388543548.987106
1388543548.992753
1388543548.994599
1388543548.997727
1388543549.000730
1388543549.002352
1388543549.003770
1388543549.005460
1388543549.007417
1388543549.010068
1388543549.011845
1388543549.013468
1388543549.014834
1388543549.016624
1388543549.018520
1388543549.020200
1388543549.024583
1388543549.026498
1388543549.028844
1388543549.032750
1388543549.034344
1388543549.035823
1388543549.037269
1388543549.038748
1388543549.040961
1388543549.042446
1388543549.043814
1388543549.045145
1388543549.046488
1388543549.047867
1388543549.050378
1388543549.052211
1388543549.053878
1388543549.055783
1388543549.057825
1388543549.061971
1388543549.063596
1388543549.064995
1388543549.066353
1388543549.067698
1388543549.069025
1388543549.070523
1388543549.071885
1388543549.073325
1388543549.075182
1388543549.076559
1388543549.078493
1388543549.080507
1388543549.081976
1388543549.084211
1388543549.086229
1388543549.089388
1388543549.092113
1388543549.093554
1388543549.094960
1388543549.096404
1388543549.097732
1388543549.099333
1388543549.100699
1388543549.102026
1388543549.103477
1388543549.104798
1388543549.106168
1388543549.107942
1388543549.109561
1388543549.112117
1388543549.114422
1388543549.116887
1388543549.121135
1388543549.124084
1388543549.125964
1388543549.127754
1388543549.129235
1388543549.130728
1388543549.132448
1388543549.133939
1388543549.135760
1388543549.137584
1388543549.140260
1388543549.142540
1388543549.144732
1388543549.147641
1388543549.151716
1388543549.153954
1388543549.155952
1388543549.157967
1388543549.160031
1388543549.161744
1388543549.163334
1388543549.165557
1388543549.167010
1388543549.168612
1388543549.170361
1388543549.172372
1388543549.176562
1388543549.178673
1388543549.182810
1388543549.185861
1388543549.187652
1388543549.189395
1388543549.191882
1388543549.193615
1388543549.195429
1388543549.197069
1388543549.198756
1388543549.200907
1388543549.202986
1388543549.205464
1388543549.208201
1388543549.211123
1388543549.215594
1388543549.217420
1388543549.219276
1388543549.220815
1388543549.222455
1388543549.224847
1388543549.226461
1388543549.228440
1388543549.231911
1388543549.236982
1388543549.240482
1388543549.243852
1388543549.246661
1388543549.248138
1388543549.249554
1388543549.250947
1388543549.252879
1388543549.254475
1388543549.257175
1388543549.263431
1388543549.265916
1388543549.268413
1388543549.270580
1388543549.272539
1388543549.275823
1388543549.280533
1388543549.282498
1388543549.284143
1388543549.285910
1388543549.287930
1388543549.290224
1388543549.292553
1388543549.296099
1388543549.298337
1388543549.300939
1388543549.305525
1388543549.307874
1388543549.309524
1388543549.311152
1388543549.312721
1388543549.314345
1388543549.315965
1388543549.317517
1388543549.319571
1388543549.321237
1388543549.323655
1388543549.325453
1388543549.327057
1388543549.328615
1388543549.331233
1388543549.333511
1388543549.336834
1388543549.340891
1388543549.342687
1388543549.344892
1388543549.347231
1388543549.349060
1388543549.351253
1388543549.356263
1388543549.358585
1388543549.360390
1388543549.362136
1388543549.363987
1388543549.365393
1388543549.366917
1388543549.369214
1388543549.373682
1388543549.375514
1388543549.376914
1388543549.378283
1388543549.379741
1388543549.381108
1388543549.382630
1388543549.384551
1388543549.385943
1388543549.388266
1388543549.390714
1388543549.396171
1388543549.397802
1388543549.399208
1388543549.400703
1388543549.419240
1388543549.421668
1388543549.425611
1388543549.427135
1388543549.428588
1388543549.430040
1388543549.431457
1388543549.432859
1388543549.434212
1388543549.435670
1388543549.437119
1388543549.438682
1388543549.440827
1388543549.442254
1388543549.443782
1388543549.449109
1388543549.450968
1388543549.454815
1388543549.456871
1388543549.458604
1388543549.460301
1388543549.461860
1388543549.463406
1388543549.464842
1388543549.466262
1388543549.467718
1388543549.469140
1388543549.470498
1388543549.472378
1388543549.474935
1388543549.478852
1388543549.480850
1388543549.483925
1388543549.486554
1388543549.488176
1388543549.489949
1388543549.491517
1388543549.493005
1388543549.494412
1388543549.495919
1388543549.497352
1388543549.498732
1388543549.500190
1388543549.501531
1388543549.503154
1388543549.504672
1388543549.507305
1388543549.509135
1388543549.511338
1388543549.513541
1388543549.517317
1388543549.518963
1388543549.520364
1388543549.522178
1388543549.523730
1388543549.525188
1388543549.526581
1388543549.528217
1388543549.529584
1388543549.530952
1388543549.532380
1388543549.533730
1388543549.535490
1388543549.537924
1388543549.539829
1388543549.541929
1388543549.543666
1388543549.547457
1388543549.549637
1388543549.551224
1388543549.552643
1388543549.554186
1388543549.556063
1388543549.557478
1388543549.558885
1388543549.560351
1388543549.561747
1388543549.563248
1388543549.564658
1388543549.566251
1388543549.568613
1388543549.570609
1388543549.573238
1388543549.576700
1388543549.579185
1388543549.580907
1388543549.582386
1388543549.583867
1388543549.585362
1388543549.586788
1388543549.588623
1388543549.590108
1388543549.591723
1388543549.593113
1388543549.594557
1388543549.595968
1388543549.598221
1388543549.599891
1388543549.602132
1388543549.604710
1388543549.608800
1388543549.610461
1388543549.612045
1388543549.613464
1388543549.614855
1388543549.616400
1388543549.617804
1388543549.619309
1388543549.620733
1388543549.622525
1388543549.624142
1388543549.625715
1388543549.627323
1388543549.632391
1388543549.634366
1388543549.637738
1388543549.640494
1388543549.642135
1388543549.643642
1388543549.645144
1388543549.646569
1388543549.648061
1388543549.649474
1388543549.650914
1388543549.652464
1388543549.653933
1388543549.655745
1388543549.657587
1388543549.659870
1388543549.661631
1388543549.664407
1388543549.666028
1388543549.670205
1388543549.672079
1388543549.673600
1388543549.675257
1388543549.676739
1388543549.696238
1388543549.699531
1388543549.701980
1388543549.703607
1388543549.705493
1388543549.706993
1388543549.708457
1388543549.709907
1388543549.711364
1388543549.712780
1388543549.714297
1388543549.715707
1388543549.717098
1388543549.718550
1388543549.720632
1388543549.723017
1388543549.726261
1388543549.730343
1388543549.733000
1388543549.734555
1388543549.736041
1388543549.738009
1388543549.739610
1388543549.741033
1388543549.742420
1388543549.743802
1388543549.745301
1388543549.746713
1388543549.748231
1388543549.749879
1388543549.751673
1388543549.754160
1388543549.755937
1388543549.757756
1388543549.762303
1388543549.763851
1388543549.765326
1388543549.766760
1388543549.768190
1388543549.769545
1388543549.771428
1388543549.772965
1388543549.774364
1388543549.775770
1388543549.777183
1388543549.778637
1388543549.784041
1388543549.786093
1388543549.789757
1388543549.792085
1388543549.793560
1388543549.795709
1388543549.797167
1388543549.798586
1388543549.800059
1388543549.801504
1388543549.802849
1388543549.805049
1388543549.806480
1388543549.807887
1388543549.809358
1388543549.811040
1388543549.812564
1388543549.814844
1388543549.816669
1388543549.819625
1388543549.822633
1388543549.824148
1388543549.825763
1388543549.827408
1388543549.828851
1388543549.830248
1388543549.831708
1388543549.833130
1388543549.834540
1388543549.836117
1388543549.838014
1388543549.839642
1388543549.841627
1388543549.843417
1388543549.845698
1388543549.847600
1388543549.850766
1388543549.853822
1388543549.855306
1388543549.856714
1388543549.858466
1388543549.860377
1388543549.861776
1388543549.863198
1388543549.864754
1388543549.866248
1388543549.867872
1388543549.869405
1388543549.871674
1388543549.873348
1388543549.874837
1388543549.876750
1388543549.878803
1388543549.882913
1388543549.884441
1388543549.885866
1388543549.887798
1388543549.889299
1388543549.890717
1388543549.892070
1388543549.893461
1388543549.894826
1388543549.896402
1388543549.898617
1388543549.900027
1388543549.901916
1388543549.903818
1388543549.905989
1388543549.908493
1388543549.912345
1388543549.913866
1388543549.915413
1388543549.916889
1388543549.918244
1388543549.919903
1388543549.921650
1388543549.923063
1388543549.924532
1388543549.925940
1388543549.927539
1388543549.928932
1388543549.930556
1388543549.932565
1388543549.934318
1388543549.936890
1388543549.938929
1388543549.942610
1388543549.944959
1388543549.946391
1388543549.947827
1388543549.949228
1388543549.950698
1388543549.952049
1388543549.953871
1388543549.955432
1388543549.956835
1388543549.958216
1388543549.959756
1388543549.961286
1388543549.964499
1388543549.966928
1388543549.968866
1388543549.972582
1388543549.974372
1388543549.975819
1388543549.977182
1388543549.978595
1388543549.980082
1388543549.981555
1388543549.982939
1388543549.984406
1388543549.986149
1388543549.987971
1388543549.989363
1388543549.990737
1388543549.992140
1388543549.996429
1388543549.999718
1388543550.002892
1388543550.004491
1388543550.005891
1388543550.007578
1388543550.008969
1388543550.010391
1388543550.011851
1388543550.013241
1388543550.014643
1388543550.016138
1388543550.017587
1388543550.019506
1388543550.021171
1388543550.023092
1388543550.024788
1388543550.026688
1388543550.030467
1388543550.034750
1388543550.038551
1388543550.040228
1388543550.041904
1388543550.043431
1388543550.045379
1388543550.046866
1388543550.048435
1388543550.050093
1388543550.051683
1388543550.054677
1388543550.056660
1388543550.058910
1388543550.061127
1388543550.065257
1388543550.067046
1388543550.068609
1388543550.070494
1388543550.072120
1388543550.073999
1388543550.075512
1388543550.076988
1388543550.078394
1388543550.079796
1388543550.081176
1388543550.082600
1388543550.084551
1388543550.086676
1388543550.088370
1388543550.090484
1388543550.093316
1388543550.097508
1388543550.099107
1388543550.100599
1388543550.102227
1388543550.104688
1388543550.106107
1388543550.107678
1388543550.109395
1388543550.110985
1388543550.112559
1388543550.114032
1388543550.116530
1388543550.118139
1388543550.120499
1388543550.122207
1388543550.124872
1388543550.128455
1388543550.129991
1388543550.131531
1388543550.132960
1388543550.135043
1388543550.137114
1388543550.138836
1388543550.140608
1388543550.142059
1388543550.143606
1388543550.146438
1388543550.148565
1388543550.150481
1388543550.153260
1388543550.156309
1388543550.159796
1388543550.161368
1388543550.162899
1388543550.164714
1388543550.166476
1388543550.168753
1388543550.170624
1388543550.172080
1388543550.173755
1388543550.175597
1388543550.177764
1388543550.179579
1388543550.182011
1388543550.185780
1388543550.187807
1388543550.189202
1388543550.190534
1388543550.192040
1388543550.193553
1388543550.196354
1388543550.199632
1388543550.201047
1388543550.202769
1388543550.204640
1388543550.206328
1388543550.208140
1388543550.209798
1388543550.212072
1388543550.213982
1388543550.216585
1388543550.219862
1388543550.221320
1388543550.222699
1388543550.224081
1388543550.225448
1388543550.226837
1388543550.228181
1388543550.229476
1388543550.230776
1388543550.232641
1388543550.233969
1388543550.235846
1388543550.237558
1388543550.239462
1388543550.241012
1388543550.243564
1388543550.245492
1388543550.248834
1388543550.251278
1388543550.253318
1388543550.254797
1388543550.256166
1388543550.257508
1388543550.258841
1388543550.260249
1388543550.261606
1388543550.262910
1388543550.265038
1388543550.266432
1388543550.268250
1388543550.270443
1388543550.272435
1388543550.274664
1388543550.276518
1388543550.279979
1388543550.282347
1388543550.283820
1388543550.285652
1388543550.287111
1388543550.288552
1388543550.289961
1388543550.291291
1388543550.292661
1388543550.294450
1388543550.295847
1388543550.297180
1388543550.298597
1388543550.300388
1388543550.302271
1388543550.304417
1388543550.306172
1388543550.309683
1388543550.312324
1388543550.313725
1388543550.315068
1388543550.316674
1388543550.318226
1388543550.319947
1388543550.321376
1388543550.322691
1388543550.324509
1388543550.325889
1388543550.327184
1388543550.328600
1388543550.332937
1388543550.334914
1388543550.337461
1388543550.340955
1388543550.342356
1388543550.343794
1388543550.345107
1388543550.346853
1388543550.348510
1388543550.349840
1388543550.351794
1388543550.353248
1388543550.354670
1388543550.356636
1388543550.357954
1388543550.359776
1388543550.361915
1388543550.363873
1388543550.366187
1388543550.368099
1388543550.372296
1388543550.373921
1388543550.375323
1388543550.376725
1388543550.378229
1388543550.379609
1388543550.380967
1388543550.382335
1388543550.383758
1388543550.385955
1388543550.387330
1388543550.388764
1388543550.390512
1388543550.392561
1388543550.394191
1388543550.396527
1388543550.398567
1388543550.403117
1388543550.404700
1388543550.406067
1388543550.407401
1388543550.408732
1388543550.410051
1388543550.411351
1388543550.412894
1388543550.414734
1388543550.416136
1388543550.417661
1388543550.419324
1388543550.421171
1388543550.424282
1388543550.426634
1388543550.428629
1388543550.432191
1388543550.434901
1388543550.436474
1388543550.437863
1388543550.439233
1388543550.440584
1388543550.441917
1388543550.443349
1388543550.444803
1388543550.446149
1388543550.447957
1388543550.449276
1388543550.450700
1388543550.456072
1388543550.458033
1388543550.462164
1388543550.464420
1388543550.465835
1388543550.467325
1388543550.469138
1388543550.470489
1388543550.471905
1388543550.473225
1388543550.474520
1388543550.475994
1388543550.477343
1388543550.478678
1388543550.480107
1388543550.482153
1388543550.484405
1388543550.486758
1388543550.488724
1388543550.490777
1388543550.494714
1388543550.496272
1388543550.497675
1388543550.499050
1388543550.500570
1388543550.502339
1388543550.503999
1388543550.505373
1388543550.506736
1388543550.508116
1388543550.509495
1388543550.510970
1388543550.512366
1388543550.514259
1388543550.516052
1388543550.518485
1388543550.520285
1388543550.524313
1388543550.526595
1388543550.528133
1388543550.529468
1388543550.530839
1388543550.532248
1388543550.533807
1388543550.535561
1388543550.536953
1388543550.538266
1388543550.539573
1388543550.540899
1388543550.543706
1388543550.548728
1388543550.550363
1388543550.552251
1388543550.556366
1388543550.558260
1388543550.559626
1388543550.561161
1388543550.562520
1388543550.564102
1388543550.565517
1388543550.567185
1388543550.568737
1388543550.570056
1388543550.571351
1388543550.572554
1388543550.573993
1388543550.576239
1388543550.577974
1388543550.590373
1388543550.592425
1388543550.593978
1388543550.596373
1388543550.598121
1388543550.599634
1388543550.601609
1388543550.603325
1388543550.604949
1388543550.606953
1388543550.608677
1388543550.610976
1388543550.612913
1388543550.617354
1388543550.619033
1388543550.620714
1388543550.622132
1388543550.623541
1388543550.624988
1388543550.626365
1388543550.627711
1388543550.629069
1388543550.630487
1388543550.631934
1388543550.633589
1388543550.635200
1388543550.637069
1388543550.638538
1388543550.641335
1388543550.643006
1388543550.644853
1388543550.648687
1388543550.663724
1388543550.665624
1388543550.667566
1388543550.669056
1388543550.671080
1388543550.672769
1388543550.675711
1388543550.678931
1388543550.680521
1388543550.681926
1388543550.683848
1388543550.685286
1388543550.686655
1388543550.688066
1388543550.689547
1388543550.690964
1388543550.692811
1388543550.694193
1388543550.695856
1388543550.700510
1388543550.702205
1388543550.703912
1388543550.707182
1388543550.709446
1388543550.710823
1388543550.712312
1388543550.713719
1388543550.715113
1388543550.716881
1388543550.718325
1388543550.719776
1388543550.721239
1388543550.722809
1388543550.724231
1388543550.725606
1388543550.727461
1388543550.729613
1388543550.732112
1388543550.733953
1388543550.737345
1388543550.739615
1388543550.741101
1388543550.742508
1388543550.744069
1388543550.745435
1388543550.746813
1388543550.748291
1388543550.749891
1388543550.751504
1388543550.752893
1388543550.754450
1388543550.755832
1388543550.757521
1388543550.759582
1388543550.761798
1388543550.763558
1388543550.766117
1388543550.769219
1388543550.770693
1388543550.772151
1388543550.773559
1388543550.774924
1388543550.776393
1388543550.777748
1388543550.779103
1388543550.780486
1388543550.782757
1388543550.785059
1388543550.786955
1388543550.788884
1388543550.790813
1388543550.792926
1388543550.794943
1388543550.797559
1388543550.800765
1388543550.802270
1388543550.804275
1388543550.805732
1388543550.807131
1388543550.808534
1388543550.809906
1388543550.811293
1388543550.812765
1388543550.816042
1388543550.817773
1388543550.820625
1388543550.823580
1388543550.825555
1388543550.829206
1388543550.831169
1388543550.833241
1388543550.834643
1388543550.836797
1388543550.838177
1388543550.839580
1388543550.840930
1388543550.842290
1388543550.843764
1388543550.845132
1388543550.846555
1388543550.848098
1388543550.853233
1388543550.854998
1388543550.857285
1388543550.859888
1388543550.875915
1388543550.877679
1388543550.879205
1388543550.881581
1388543550.883381
1388543550.885460
1388543550.887710
1388543550.890380
1388543550.892190
1388543550.893708
1388543550.895256
1388543550.896989
1388543550.898511
1388543550.900327
1388543550.901744
1388543550.903097
1388543550.904449
1388543550.905823
1388543550.907165
1388543550.908602
1388543550.909963
1388543550.911626
1388543550.913069
1388543550.915820
1388543550.917487
1388543550.920280
1388543550.922636
1388543550.924171
1388543550.925719
1388543550.927349
1388543550.928868
1388543550.930262
1388543550.931846
1388543550.933586
1388543550.934975
1388543550.936357
1388543550.938088
1388543550.939695
1388543550.941080
1388543550.942850
1388543550.944418
1388543550.946848
1388543550.948904
1388543550.951882
1388543550.954389
1388543550.955760
1388543550.957105
1388543550.958441
1388543550.959869
1388543550.961240
1388543550.963040
1388543550.964659
1388543550.966372
1388543550.967822
1388543550.969224
1388543550.970572
1388543550.972227
1388543550.977000
1388543550.978551
1388543550.981186
1388543550.983863
1388543550.985264
1388543550.986629
1388543550.988157
1388543550.989527
1388543550.990977
1388543550.992906
1388543550.994262
1388543550.995776
1388543550.997224
1388543550.999064
1388543551.000590
1388543551.002612
1388543551.004771
1388543551.006928
1388543551.008992
1388543551.010590
1388543551.013130
1388543551.015593
1388543551.017123
1388543551.018522
1388543551.019996
1388543551.021379
1388543551.022756
1388543551.024603
1388543551.026019
1388543551.027358
1388543551.028705
1388543551.030049
1388543551.032301
1388543551.034267
1388543551.035704
1388543551.038042
1388543551.040078
1388543551.042986
1388543551.045163
1388543551.046503
1388543551.048084
1388543551.050080
1388543551.051406
1388543551.052812
1388543551.054584
1388543551.055987
1388543551.057327
1388543551.058780
1388543551.060190
1388543551.061521
1388543551.063064
1388543551.070534
1388543551.075163
1388543551.077008
1388543551.079058
1388543551.080509
1388543551.082148
1388543551.083543
1388543551.084879
1388543551.086180
1388543551.087595
1388543551.088943
1388543551.090283
1388543551.091664
1388543551.093050
1388543551.096330
1388543551.099055
1388543551.101524
1388543551.106102
1388543551.108106
1388543551.109525
1388543551.110931
1388543551.112553
1388543551.114217
1388543551.116148
1388543551.117541
1388543551.118903
1388543551.120676
1388543551.122076
1388543551.123529
1388543551.125207
1388543551.126707
1388543551.129085
1388543551.130761
1388543551.134005
1388543551.137504
1388543551.138982
1388543551.140439
1388543551.141936
1388543551.143441
1388543551.144831
1388543551.146184
1388543551.147633
1388543551.149447
1388543551.150853
1388543551.152605
1388543551.154003
1388543551.155907
1388543551.157695
1388543551.159808
1388543551.161846
1388543551.164678
1388543551.167890
1388543551.169381
1388543551.170777
1388543551.172191
1388543551.176034
1388543551.177824
1388543551.179388
1388543551.180883
1388543551.182793
1388543551.184650
1388543551.187031
1388543551.188964
1388543551.191821
1388543551.194203
1388543551.198944
1388543551.200867
1388543551.202467
1388543551.204122
1388543551.205728
1388543551.207315
1388543551.208964
1388543551.210771
1388543551.212589
1388543551.216053
1388543551.217896
1388543551.220174
1388543551.222194
1388543551.224285
1388543551.227362
1388543551.229948
1388543551.231740
1388543551.233104
1388543551.234465
1388543551.235766
1388543551.237442
1388543551.239006
1388543551.241744
1388543551.243835
1388543551.245686
1388543551.247279
1388543551.250121
1388543551.251694
1388543551.253014
1388543551.254451
1388543551.256111
1388543551.258817
1388543551.261186
1388543551.262543
1388543551.264059
1388543551.265543
1388543551.266833
1388543551.268145
1388543551.269454
1388543551.270799
1388543551.272242
1388543551.273666
1388543551.275091
1388543551.280697
1388543551.282813
1388543551.286359
1388543551.288481
1388543551.289997
1388543551.291816
1388543551.293191
1388543551.294973
1388543551.296350
1388543551.298117
1388543551.299530
1388543551.300885
1388543551.302214
1388543551.303731
1388543551.305219
1388543551.307150
1388543551.308829
1388543551.311082
1388543551.312999
1388543551.315843
1388543551.318161
1388543551.319686
1388543551.321035
1388543551.322360
1388543551.323921
1388543551.325268
1388543551.326615
1388543551.328000
1388543551.329313
1388543551.331159
1388543551.332607
1388543551.333966
1388543551.335429
1388543551.340611
1388543551.342227
1388543551.344493
1388543551.347685
1388543551.349256
1388543551.350799
1388543551.352387
1388543551.353797
1388543551.355137
1388543551.356511
1388543551.357877
1388543551.359221
1388543551.360615
1388543551.362039
1388543551.363673
1388543551.365229
1388543551.366607
1388543551.368064
1388543551.369564
1388543551.371702
1388543551.373676
1388543551.376880
1388543551.379871
1388543551.381708
1388543551.383180
1388543551.384729
1388543551.386099
1388543551.387456
1388543551.388869
1388543551.390194
1388543551.391607
1388543551.393671
1388543551.395035
1388543551.396657
1388543551.398671
1388543551.400472
1388543551.402722
1388543551.404576
1388543551.406979
1388543551.410753
1388543551.412511
1388543551.414396
1388543551.415913
1388543551.417250
1388543551.418684
1388543551.420090
1388543551.421472
1388543551.422900
1388543551.424880
1388543551.426285
1388543551.427853
1388543551.429465
1388543551.431327
1388543551.433940
1388543551.435758
1388543551.438280
1388543551.441872
1388543551.443374
1388543551.444947
1388543551.446376
1388543551.448330
1388543551.452672
1388543551.454102
1388543551.455486
1388543551.456882
1388543551.458258
1388543551.460015
1388543551.461688
1388543551.464196
1388543551.465885
1388543551.469362
1388543551.471845
1388543551.494297
1388543551.496284
1388543551.498937
1388543551.502180
1388543551.503763
1388543551.505388
1388543551.506824
1388543551.508305
1388543551.509765
1388543551.511153
1388543551.512586
1388543551.514399
1388543551.515952
1388543551.517323
1388543551.518799
1388543551.520915
1388543551.522686
1388543551.525113
1388543551.527205
1388543551.530486
1388543551.532309
1388543551.533724
1388543551.535561
1388543551.536961
1388543551.538402
1388543551.539870
1388543551.541321
1388543551.542711
1388543551.544114
1388543551.545659
1388543551.547428
1388543551.549078
1388543551.553355
1388543551.555348
1388543551.557522
1388543551.560544
1388543551.563138
1388543551.565143
1388543551.568030
1388543551.569492
1388543551.571013
1388543551.572640
1388543551.574034
1388543551.575410
1388543551.576802
1388543551.578147
1388543551.580030
1388543551.582451
1388543551.584370
1388543551.586761
1388543551.588753
1388543551.591456
1388543551.594288
1388543551.595967
1388543551.597525
1388543551.598993
1388543551.600359
1388543551.601781
1388543551.603264
1388543551.604692
1388543551.606044
1388543551.607395
1388543551.608829
1388543551.610284
1388543551.612300
1388543551.614222
1388543551.616426
1388543551.618168
1388543551.620496
1388543551.623713
1388543551.625199
1388543551.626562
1388543551.628657
1388543551.630505
1388543551.631956
1388543551.633320
1388543551.634725
1388543551.636147
1388543551.637509
1388543551.638866
1388543551.640326
1388543551.644362
1388543551.646449
1388543551.649224
1388543551.651863
1388543551.653306
1388543551.654671
1388543551.656457
1388543551.658188
1388543551.660030
1388543551.662099
1388543551.664819
1388543551.666541
1388543551.668259
1388543551.670024
1388543551.672068
1388543551.676501
1388543551.678471
1388543551.681263
1388543551.683891
1388543551.685376
1388543551.686756
1388543551.688156
1388543551.689858
1388543551.691113
1388543551.692394
1388543551.693735
1388543551.695053
1388543551.696803
1388543551.698141
1388543551.699399
1388543551.700683
1388543551.702027
1388543551.704715
1388543551.706465
1388543551.708585
1388543551.710643
1388543551.713955
1388543551.715320
1388543551.716585
1388543551.717864
1388543551.719145
1388543551.720419
1388543551.722259
1388543551.723712
1388543551.725139
1388543551.726475
1388543551.727886
1388543551.729524
1388543551.730863
1388543551.732377
1388543551.733994
1388543551.735751
1388543551.738090
1388543551.740057
1388543551.743204
1388543551.745310
1388543551.746823
1388543551.748144
1388543551.749997
1388543551.751308
1388543551.752704
1388543551.754024
1388543551.755330
1388543551.756767
1388543551.758313
1388543551.759698
1388543551.761028
1388543551.762395
1388543551.763990
1388543551.765357
1388543551.767607
1388543551.769755
1388543551.773464
1388543551.775266
1388543551.776608
1388543551.778003
1388543551.779974
1388543551.781289
1388543551.782600
1388543551.784109
1388543551.785443
1388543551.786728
1388543551.788033
1388543551.792279
1388543551.794102
1388543551.795525
1388543551.797683
1388543551.799411
1388543551.802291
1388543551.804801
1388543551.806159
1388543551.807455
1388543551.808837
1388543551.810130
1388543551.811586
1388543551.813308
1388543551.814782
1388543551.816148
1388543551.817448
1388543551.818730
1388543551.820057
1388543551.821386
1388543551.822752
1388543551.827546
1388543551.829824
1388543551.832704
1388543551.835132
1388543551.836586
1388543551.837901
1388543551.839231
1388543551.840542
1388543551.841867
1388543551.843659
1388543551.845650
1388543551.847129
1388543551.848485
1388543551.849833
1388543551.851259
1388543551.852869
1388543551.854597
1388543551.856116
1388543551.858184
1388543551.860059
1388543551.863664
1388543551.866010
1388543551.867368
1388543551.868769
1388543551.870071
1388543551.871920
1388543551.873224
1388543551.874518
1388543551.875862
1388543551.877188
1388543551.878955
1388543551.880314
1388543551.881641
1388543551.883004
1388543551.884778
1388543551.886335
1388543551.888583
1388543551.890275
1388543551.893314
1388543551.895927
1388543551.897273
1388543551.898555
1388543551.900014
1388543551.901407
1388543551.903173
1388543551.904474
1388543551.905886
1388543551.907217
1388543551.908518
1388543551.909813
1388543551.911590
1388543551.913216
1388543551.917651
1388543551.919959
1388543551.922836
1388543551.925244
1388543551.926584
1388543551.928441
1388543551.929868
1388543551.931222
1388543551.933051
1388543551.934395
1388543551.935803
1388543551.937112
1388543551.938398
1388543551.939731
1388543551.941019
1388543551.942440
1388543551.944106
1388543551.945931
1388543551.947565
1388543551.949707
1388543551.951367
1388543551.953425
1388543551.957041
1388543551.958545
1388543551.960130
1388543551.961902
1388543551.963245
1388543551.964538
1388543551.965826
1388543551.967135
1388543551.968518
1388543551.969803
1388543551.971099
1388543551.972475
1388543551.973815
1388543551.975790
1388543551.977347
1388543551.979650
1388543551.981423
1388543551.984416
1388543552.000358
1388543552.001820
1388543552.003185
1388543552.004592
1388543552.006378
1388543552.008209
1388543552.010499
1388543552.012200
1388543552.014572
1388543552.018234
1388543552.019749
1388543552.021100
1388543552.022500
1388543552.023991
1388543552.025287
1388543552.026573
1388543552.028486
1388543552.029804
1388543552.031160
1388543552.032537
1388543552.034267
1388543552.036087
1388543552.037820
1388543552.039499
1388543552.041873
1388543552.043869
1388543552.047653
1388543552.049610
1388543552.051246
1388543552.052689
1388543552.054145
1388543552.055577
1388543552.057136
1388543552.058920
1388543552.060363
1388543552.062103
1388543552.063571
1388543552.064925
1388543552.066368
1388543552.069644
1388543552.072005
1388543552.073807
1388543552.076327
1388543552.079318
1388543552.081254
1388543552.082879
1388543552.084364
1388543552.085975
1388543552.087512
1388543552.089022
1388543552.090551
1388543552.092074
1388543552.093722
1388543552.095742
1388543552.097441
1388543552.099560
1388543552.101635
1388543552.104046
1388543552.106195
1388543552.110075
1388543552.112688
1388543552.114399
1388543552.116404
1388543552.118233
1388543552.119937
1388543552.121545
1388543552.123070
1388543552.124461
1388543552.125824
1388543552.127730
1388543552.131888
1388543552.133932
1388543552.137814
1388543552.140098
1388543552.141519
1388543552.142826
1388543552.144553
1388543552.146277
1388543552.147627
1388543552.149099
1388543552.150410
1388543552.151667
1388543552.152919
1388543552.154195
1388543552.155432
1388543552.156723
1388543552.158195
1388543552.159834
1388543552.161209
1388543552.163624
1388543552.165591
1388543552.168517
1388543552.170525
1388543552.171895
1388543552.173637
1388543552.174918
1388543552.176457
1388543552.178223
1388543552.179573
1388543552.181005
1388543552.182503
1388543552.184088
1388543552.185915
1388543552.187726
1388543552.189579
1388543552.191665
1388543552.193383
1388543552.195807
1388543552.197595
1388543552.201030
1388543552.203229
1388543552.204940
1388543552.206913
1388543552.208423
1388543552.210319
1388543552.212274
1388543552.213818
1388543552.215472
1388543552.217027
1388543552.218635
1388543552.223894
1388543552.226760
1388543552.228981
1388543552.232512
1388543552.234722
1388543552.236254
1388543552.237579
1388543552.238850
1388543552.240276
1388543552.241563
1388543552.243015
1388543552.244806
1388543552.246997
1388543552.249965
1388543552.251665
1388543552.253461
1388543552.254947
1388543552.257163
1388543552.258641
1388543552.260592
1388543552.262150
1388543552.264586
1388543552.267708
1388543552.269214
1388543552.270965
1388543552.272326
1388543552.273665
1388543552.274965
1388543552.276753
1388543552.278268
1388543552.279647
1388543552.281009
1388543552.283142
1388543552.285043
1388543552.287723
1388543552.289873
1388543552.294180
1388543552.295813
1388543552.297266
1388543552.298659
1388543552.300562
1388543552.301999
1388543552.303515
1388543552.304916
1388543552.306245
1388543552.307799
1388543552.309208
1388543552.311079
1388543552.313126
1388543552.314650
1388543552.316990
1388543552.318802
1388543552.321894
1388543552.325046
1388543552.326923
1388543552.328335
1388543552.330150
1388543552.331570
1388543552.332940
1388543552.334375
1388543552.335705
1388543552.337051
1388543552.338364
1388543552.340236
1388543552.341869
1388543552.343649
1388543552.345449
1388543552.348075
1388543552.351334
1388543552.354666
1388543552.356184
1388543552.357575
1388543552.359865
1388543552.361307
1388543552.362640
1388543552.364174
1388543552.365484
1388543552.366800
1388543552.368254
1388543552.369655
1388543552.370999
1388543552.372594
1388543552.377207
1388543552.379250
1388543552.381530
1388543552.385504
1388543552.387012
1388543552.388506
1388543552.390323
1388543552.391683
1388543552.393470
1388543552.394883
1388543552.396309
1388543552.397712
1388543552.399070
1388543552.400399
1388543552.401710
1388543552.403208
1388543552.404895
1388543552.406338
1388543552.408665
1388543552.410495
1388543552.413941
1388543552.416570
1388543552.418494
1388543552.419893
1388543552.421266
1388543552.422610
1388543552.424065
1388543552.425489
1388543552.427198
1388543552.428644
1388543552.430037
1388543552.431415
1388543552.432890
1388543552.437860
1388543552.439841
1388543552.442252
1388543552.445796
1388543552.447269
1388543552.448744
1388543552.450323
1388543552.451663
1388543552.453011
1388543552.454356
1388543552.455655
1388543552.457021
1388543552.458606
1388543552.460459
1388543552.461837
1388543552.463278
1388543552.465024
1388543552.466517
1388543552.468939
1388543552.470580
1388543552.474109
1388543552.476416
1388543552.477861
1388543552.479413
1388543552.480788
1388543552.486668
1388543552.488079
1388543552.489446
1388543552.490900
1388543552.492681
1388543552.494115
1388543552.497597
1388543552.499846
1388543552.501802
1388543552.504762
1388543552.507977
1388543552.509802
1388543552.511328
1388543552.512690
1388543552.514048
1388543552.515417
1388543552.516791
1388543552.521664
1388543552.523076
1388543552.524559
1388543552.528964
1388543552.531059
1388543552.533671
1388543552.536741
1388543552.538226
1388543552.539639
1388543552.541095
1388543552.542829
1388543552.544336
1388543552.545713
1388543552.547071
1388543552.548491
1388543552.549815
1388543552.551141
1388543552.552530
1388543552.554654
1388543552.557023
1388543552.558853
1388543552.561175
1388543552.563075
1388543552.566714
1388543552.568822
1388543552.570183
1388543552.571559
1388543552.572885
1388543552.574236
1388543552.575931
1388543552.577360
1388543552.578744
1388543552.580301
1388543552.581633
1388543552.582983
1388543552.584492
1388543552.585880
1388543552.588054
1388543552.589575
1388543552.591933
1388543552.593943
1388543552.597646
1388543552.599745
1388543552.601175
1388543552.602527
1388543552.603854
1388543552.605222
1388543552.606528
1388543552.607930
1388543552.609574
1388543552.610905
1388543552.612230
1388543552.613906
1388543552.615266
1388543552.616647
1388543552.621640
1388543552.623721
1388543552.626082
1388543552.629107
1388543552.630510
1388543552.631871
1388543552.633229
1388543552.634650
1388543552.636069
1388543552.637401
1388543552.638698
1388543552.640047
1388543552.641721
1388543552.643126
1388543552.644654
1388543552.646122
1388543552.647767
1388543552.649770
1388543552.651405
1388543552.653646
1388543552.655160
1388543552.657385
1388543552.661384
1388543552.663175
1388543552.664578
1388543552.666274
1388543552.667741
1388543552.669221
1388543552.670558
1388543552.671936
1388543552.673331
1388543552.675311
1388543552.676738
1388543552.678964
1388543552.680672
1388543552.682766
1388543552.684490
1388543552.686507
1388543552.689935
1388543552.691654
1388543552.693038
1388543552.694378
1388543552.695755
1388543552.697123
1388543552.698465
1388543552.699779
1388543552.701201
1388543552.702511
1388543552.703830
1388543552.705175
1388543552.706934
1388543552.709447
1388543552.711791
1388543552.713542
1388543552.715585
1388543552.717202
1388543552.720132
1388543552.722762
1388543552.724341
1388543552.726306
1388543552.727715
1388543552.729056
1388543552.730362
1388543552.731615
1388543552.732899
1388543552.734215
1388543552.735519
1388543552.736842
1388543552.738211
1388543552.741163
1388543552.742878
1388543552.745994
1388543552.749864
1388543552.752291
1388543552.753679
1388543552.755029
1388543552.756587
1388543552.758628
1388543552.760189
1388543552.761488
1388543552.762795
1388543552.764260
1388543552.765558
1388543552.766854
1388543552.768546
1388543552.770271
1388543552.772503
1388543552.774910
1388543552.777170
1388543552.781091
1388543552.782861
1388543552.784228
1388543552.785523
1388543552.786897
1388543552.788362
1388543552.789880
1388543552.791724
1388543552.793205
1388543552.794504
1388543552.795845
1388543552.797135
1388543552.798463
1388543552.800100
1388543552.801577
1388543552.803983
1388543552.805908
1388543552.809017
1388543552.811505
1388543552.812936
1388543552.814484
1388543552.815928
1388543552.817246
1388543552.818580
1388543552.820095
1388543552.821943
1388543552.823394
1388543552.825150
1388543552.826448
1388543552.827836
1388543552.829208
1388543552.830888
1388543552.832332
1388543552.834366
1388543552.836643
1388543552.840137
1388543552.842511
1388543552.843829
1388543552.845244
1388543552.846650
1388543552.848011
1388543552.849318
1388543552.850590
1388543552.852006
1388543552.853350
1388543552.854620
1388543552.855981
1388543552.858326
1388543552.859859
1388543552.861596
1388543552.863079
1388543552.865467
1388543552.867762
1388543552.871913
1388543552.873412
1388543552.875152
1388543552.876497
1388543552.877778
1388543552.879050
1388543552.880363
1388543552.881660
1388543552.882930
1388543552.884499
1388543552.885774
1388543552.887045
1388543552.888350
1388543552.889694
1388543552.891340
1388543552.892981
1388543552.895579
1388543552.897312
1388543552.900931
1388543552.902968
1388543552.904387
1388543552.905646
1388543552.907547
1388543552.908918
1388543552.910205
1388543552.911527
1388543552.913065
1388543552.914412
1388543552.915716
1388543552.916964
1388543552.918247
1388543552.919804
1388543552.925834
1388543552.927712
1388543552.931262
1388543552.933036
1388543552.934459
1388543552.935747
1388543552.937010
1388543552.938348
1388543552.939801
1388543552.941456
1388543552.942781
1388543552.944246
1388543552.945560
1388543552.946851
1388543552.948351
1388543552.949963
1388543552.951866
1388543552.953639
1388543552.955938
1388543552.957397
1388543552.959698
1388543552.963111
1388543552.964634
1388543552.965984
1388543552.967331
1388543552.968652
1388543552.969938
1388543552.971433
1388543552.972794
1388543552.974555
1388543552.976100
1388543552.977524
1388543552.978837
1388543552.980343
1388543552.982773
1388543552.984447
1388543552.986664
1388543552.988482
1388543552.991502
1388543552.994550
1388543552.996143
1388543552.997539
1388543552.998881
1388543553.000371
1388543553.001779
1388543553.003097
1388543553.004511
1388543553.006098
1388543553.008010
1388543553.009413
1388543553.010818
1388543553.012872
1388543553.014700
1388543553.016971
1388543553.018484
1388543553.021237
1388543553.024551
1388543553.025969
1388543553.027415
1388543553.028724
1388543553.030038
1388543553.031446
1388543553.032847
1388543553.034256
1388543553.035632
1388543553.036948
1388543553.038340
1388543553.040028
1388543553.041811
1388543553.043914
1388543553.045517
1388543553.047616
1388543553.049974
1388543553.054375
1388543553.055912
1388543553.057674
1388543553.059085
1388543553.060563
1388543553.061861
1388543553.063335
1388543553.064639
1388543553.065932
1388543553.067266
1388543553.068689
1388543553.069983
1388543553.105272
1388543553.106878
1388543553.108315
1388543553.111182
1388543553.112971
1388543553.114383
1388543553.116477
1388543553.118235
1388543553.120064
1388543553.124132
1388543553.126109
1388543553.127637
1388543553.129199
1388543553.130973
1388543553.136430
1388543553.138423
1388543553.142624
1388543553.145385
1388543553.147017
1388543553.148544
1388543553.150014
1388543553.151575
1388543553.152946
1388543553.154365
1388543553.156210
1388543553.157878
1388543553.159330
1388543694.145691
1388543694.148332
1388543694.169468
1388543694.190250
1388543694.222743
1388543694.225872
1388543694.242423
1388543694.262610
1388543694.273249
1388543694.302497
1388543694.338805
1388543694.381654
1388543694.399725
1388543694.432843
1388543694.451184
1388543694.456995
1388543694.475432
1388543694.534263
1388543694.549252
1388543694.592294
1388543694.616723
1388543694.622969
1388543694.629125
1388543694.662651
1388543694.690437
1388543694.697015
1388543694.705556
1388543694.710401
1388543694.739738
1388543694.774860
1388543694.837646
1388543694.878106
1388543694.886214
1388543694.898883
1388543694.904636
1388543694.925354
1388543694.931148
1388543694.953478
1388543694.974991
1388543695.006692
1388543695.013851
1388543695.021328
1388543695.045301
1388543695.048962
1388543695.073607
1388543695.077769
1388543695.081367
1388543695.129614
1388543695.153147
1388543695.164513
1388543695.174100
1388543695.177519
1388543695.181935
1388543695.198820
1388543695.250500
1388543695.295705
1388543695.305178
1388543695.318973
1388543695.322588
1388543695.326755
1388543695.331456
1388543695.344509
1388543695.348022
1388543695.351480
1388543695.368449
1388543695.387195
1388543695.406775
1388543695.410272
1388543695.413857
1388543695.418000
1388543695.478768
1388543695.484383
1388543695.521266
1388543695.529562
1388543695.536507
1388543695.541740
1388543695.547167
1388543695.553897
1388543695.574369
1388543695.579604
1388543695.586451
1388543695.593055
1388543695.601778
1388543695.605916
1388543695.609511
1388543695.612933
1388543695.617017
1388543695.634115
1388543695.637469
1388543695.641508
1388543695.664615
1388543695.668732
1388543695.671908
1388543695.675123
1388543695.678782
1388543695.682767
1388543695.688265
1388543695.691762
1388543695.727916
1388543695.766278
1388543695.770371
1388543695.786715
1388543695.789956
1388543695.793247
1388543695.806973
1388543695.813397
1388543695.831772
1388543695.837172
1388543695.899555
1388543695.924093
1388543695.929879
1388543695.949214
1388543695.970006
1388543695.977836
1388543695.985691
1388543696.074165
1388543696.080292
1388543696.101789
1388543696.113373
1388543696.122306
1388543696.127949
1388543696.133672
1388543696.139494
1388543696.162027
1388543696.165846
1388543696.169112
1388543696.171988
1388543696.177567
1388543696.222602
1388543696.224943
1388543696.227176
1388543696.229439
1388543696.232293
1388543696.234964
1388543696.238387
1388543696.242858
1388543696.275834
1388543696.278082
1388543696.288340
1388543696.290511
1388543696.292788
1388543696.311804
1388543696.314349
1388543696.330060
1388543696.333787
1388543696.338060
1388543696.341569
1388543696.344238
1388543696.346924
1388543696.380610
1388543696.386258
1388543696.392433
1388543696.399141
1388543696.407548
1388543696.412675
1388543696.416255
1388543696.419390
1388543696.424136
1388543696.441613
1388543696.444850
1388543696.448256
1388543696.467745
1388543696.471443
1388543696.474820
1388543696.489266
1388543696.493388
1388543696.497973
1388543696.501143
1388543696.504982
1388543696.508308
1388543696.511537
1388543696.583001
1388543696.591688
1388543696.611373
1388543696.620254
1388543696.695417
1388543696.711631
1388543696.729964
1388543696.737522
1388543696.744130
1388543696.749917
1388543696.755365
1388543696.760709
1388543696.766732
1388543696.783989
1388543696.787377
1388543696.790974
1388543696.794937
1388543696.871980
1388543696.892397
1388543696.896158
1388543696.905076
1388543696.923876
1388543696.927459
1388543696.954089
1388543696.957408
1388543696.980905
1388543696.984560
1388543696.987851
1388543696.991109
1388543696.994928
1388543696.998729
1388543697.003721
1388543697.008110
1388543697.012845
1388543697.039419
1388543697.058128
1388543697.062236
1388543697.066473
1388543697.073135
1388543697.077720
1388543697.081425
1388543697.084818
1388543697.088249
1388543697.092443
1388543697.097136
1388543697.103730
1388543697.108237
1388543697.112116
1388543697.115565
1388543697.118945
1388543697.157835
1388543697.161332
1388543697.164667
1388543697.167997
1388543697.171712
1388543697.176682
1388543697.200168
1388543697.208059
1388543697.230138
1388543697.235596
1388543697.242656
1388543697.246592
1388543697.249970
1388543697.266087
1388543697.271675
1388543697.275937
1388543697.279679
1388543697.283277
1388543697.286659
1388543697.290605
1388543697.307055
1388543697.310632
1388543697.314184
1388543697.317704
1388543697.321418
1388543697.325359
1388543697.329798
1388543697.335284
1388543697.339176
1388543697.356480
1388543697.359946
1388543697.365696
1388543697.368710
1388543697.371833
1388543697.376178
1388543697.378662
1388543697.381050
1388543697.383313
1388543697.388585
1388543697.392484
1388543697.404505
1388543697.406964
1388543697.409653
1388543697.411818
1388543697.414084
1388543697.417215
1388543697.420811
1388543697.425312
1388543697.428182
1388543697.430423
1388543697.449999
1388543697.453470
1388543697.457411
1388543697.460253
1388543697.462984
1388543697.465202
1388543697.467430
1388543697.469623
1388543697.471921
1388543697.474226
1388543697.476586
1388543697.493626
1388543697.497716
1388543697.501481
1388543697.504094
1388543697.506486
1388543697.509422
1388543697.512795
1388543697.517482
1388543697.521106
1388543697.534047
1388543697.536267
1388543697.538548
1388543697.541768
1388543697.545140
1388543697.562243
1388543697.564743
1388543697.566966
1388543697.569375
1388543697.572744
1388543697.591988
1388543697.600704
1388543697.607523
1388543697.639808
1388543697.665393
1388543697.687983
1388543697.721863
1388543697.740095
1388543697.783803
1388543697.871222
1388543697.890548
1388543697.915792
1388543697.921548
1388543697.942109
1388543697.961883
1388543697.967743
1388543697.998469
1388543698.014576
1388543698.035430
1388543698.042688
1388543698.051745
1388543698.072208
1388543698.080715
1388543698.123967
1388543698.149984
1388543698.182107
1388543698.214779
1388543698.218506
1388543698.243879
1388543698.300007
1388543698.314583
1388543698.324158
1388543698.419497
1388543698.493125
1388543698.499591
1388543698.506165
1388543698.550336
1388543698.556565
1388543698.619038
1388543698.644570
1388543698.653415
1388543698.678957
1388543698.685745
1388543698.700251
1388543698.708173
1388543698.714084
1388543698.721241
1388543698.729412
1388543698.742861
1388543698.798617
1388543698.805823
1388543698.836605
1388543698.846242
1388543698.854303
1388543698.861431
1388543698.891149
1388543698.935224
1388543698.941842
1388543699.011971
1388543699.047715
1388543699.070133
1388543699.085340
1388543699.105367
1388543699.115156
1388543699.124350
1388543699.133136
1388543699.165714
1388543699.178325
1388543699.182713
1388543699.187165
1388543699.192374
1388543699.206534
1388543699.210182
1388543699.214554
1388543699.218954
1388543699.225255
1388543699.229940
1388543699.234820
1388543699.245281
1388543699.249200
1388543699.256173
1388543699.262839
1388543699.295492
1388543699.299531
1388543699.303644
1388543699.307295
1388543699.342996
1388543699.346894
1388543699.350732
1388543699.376584
1388543699.382857
1388543699.388884
1388543699.400373
1388543699.404652
1388543699.408861
1388543699.420882
1388543699.427945
1388543699.431363
1388543699.435606
1388543699.450008
1388543699.455323
1388543699.460712
1388543699.494408
1388543699.497021
1388543699.537031
1388543699.540030
1388543699.545918
1388543699.548190
1388543699.569761
1388543699.580709
1388543699.584540
1388543699.588543
1388543699.592824
1388543699.596638
1388543699.600368
1388543699.616356
1388543699.656436
1388543699.670439
1388543699.676899
1388543699.690266
1388543699.694141
1388543699.698690
1388543699.723828
1388543699.751940
1388543699.769929
1388543699.773644
1388543699.777364
1388543699.816695
1388543699.820551
1388543699.824392
1388543699.837892
1388543699.981754
1388543700.024329
1388543700.032968
1388543700.039056
1388543700.045826
1388543700.055537
1388543700.064766
1388543700.077227
1388543700.084696
1388543700.105607
1388543700.110422
1388543700.117694
1388543700.138233
1388543700.145237
1388543700.151014
1388543700.156134
1388543700.160135
1388543700.174973
1388543700.180132
1388543700.185883
1388543700.200142
1388543700.205166
1388543700.210466
1388543700.216153
1388543700.219887
1388543700.224327
1388543700.242922
1388543700.248188
1388543700.252030
1388543700.256460
1388543700.261287
1388543700.268876
1388543700.296110
1388543700.332354
1388543700.338436
1388543700.351446
1388543700.355757
1388543700.359680
1388543700.364868
1388543700.371329
1388543700.375526
1388543700.380185
1388543700.383775
1388543700.389080
1388543700.396067
1388543700.402846
1388543700.424750
1388543700.493143
1388543700.497567
1388543700.500592
1388543700.504101
1388543700.554452
1388543700.557304
1388543700.578613
1388543700.608411
1388543700.612230
1388543700.614957
1388543700.690813
1388543700.707615
1388543700.715276
1388543700.793651
1388543700.801936
1388543700.825101
1388543700.862264
1388543700.884337
1388543700.892344
1388543700.900296
1388543700.908502
1388543700.913728
1388543700.917894
1388543700.922769
1388543700.949227
1388543700.953281
1388543700.959016
1388543700.984450
1388543700.989531
1388543701.004936
1388543701.015969
1388543701.028278
1388543701.039801
1388543701.043839
1388543701.098178
1388543701.164409
1388543701.175686
1388543701.183455
1388543701.189684
1388543701.211421
1388543701.241399
1388543701.277374
1388543701.332593
1388543701.340022
1388543701.347745
1388543701.356915
1388543701.365750
1388543701.374736
1388543701.398091
1388543701.408001
1388543701.429868
1388543701.437055
1388543701.463335
1388543701.497262
1388543701.538229
1388543701.563427
1388543701.670943
1388543701.701992
1388543701.710275
1388543701.750179
1388543701.780887
1388543701.808823
1388543701.835986
1388543701.860908
1388543701.875898
1388543701.949481
1388543701.976166
1388543702.173413
1388543702.201286
1388543702.223420
1388543702.237398
1388543702.244348
1388543702.251206
1388543702.259762
1388543702.264935
1388543702.308489
1388543702.326907
1388543702.330795
1388543702.349309
1388543702.355960
1388543702.359934
1388543702.363869
1388543702.380433
1388543702.388190
1388543702.393179
1388543702.400570
1388543702.405953
1388543702.410311
1388543702.415541
1388543702.419353
1388543702.470727
1388543702.481061
1388543702.493510
1388543702.496183
1388543702.498620
1388543702.503420
1388543702.507293
1388543702.527172
1388543702.529949
1388543702.532494
1388543702.616529
1388543702.625832
1388543702.629339
1388543702.646732
1388543702.655251
1388543702.661880
1388543702.669805
1388543702.677706
1388543702.682853
1388543702.686650
1388543702.691902
1388543702.710138
1388543702.713386
1388543702.716334
1388543702.720488
1388543702.725467
1388543702.730541
1388543702.744281
1388543702.747355
1388543702.751329
1388543702.756007
1388543702.762612
1388543702.779130
1388543702.800762
1388543702.818608
1388543702.833150
1388543702.839468
1388543702.886459
1388543702.893013
1388543702.898642
1388543702.906141
1388543702.930069
1388543702.936279
1388543702.957761
1388543702.964676
1388543702.973062
1388543702.980609
1388543702.987724
1388543702.993554
1388543703.001887
1388543703.009835
1388543703.023501
1388543703.027211
1388543703.081245
1388543703.099888
1388543703.118666
1388543703.125802
1388543703.134301
1388543703.143207
1388543703.150287
1388543703.159539
1388543703.163730
1388543703.169342
1388543703.179306
1388543703.191554
1388543703.195523
1388543703.198834
1388543703.217874
1388543703.222195
1388543703.227214
1388543703.230747
1388543703.234368
1388543703.237404
1388543703.240457
1388543703.243572
1388543703.250717
1388543703.256885
1388543703.260019
1388543703.263957
1388543703.267410
1388543703.270632
1388543703.273970
1388543703.279655
1388543703.284190
1388543703.288433
1388543703.291375
1388543703.294956
1388543703.298032
1388543703.324912
1388543703.352376
1388543703.354984
1388543703.382479
1388543703.415937
1388543703.428550
1388543703.434366
1388543703.472077
1388543703.571822
1388543703.578238
1388543703.584849
1388543703.591766
1388543703.601345
1388543703.609331
1388543703.616787
1388543703.650617
1388543703.658194
1388543703.665563
1388543703.673975
1388543703.680448
1388543703.686797
1388543703.692885
1388543703.698650
1388543703.735177
1388543703.740531
1388543703.743217
1388543703.745676
1388543703.749155
1388543703.752806
1388543703.756445
1388543703.759199
1388543703.761841
1388543703.766127
1388543703.769789
1388543703.774090
1388543703.776980
1388543703.779602
1388543703.782406
1388543703.784999
1388543703.787570
1388543703.790075
1388543703.792601
1388543703.795029
1388543703.797847
1388543703.811934
1388543703.814961
1388543703.834556
1388543703.840036
1388543703.843239
1388543703.846345
1388543703.850064
1388543703.853136
1388543703.856527
1388543703.860143
1388543703.864269
1388543703.869674
1388543703.873604
1388543703.876279
1388543703.888001
1388543703.891990
1388543703.896915
1388543703.902151
1388543703.916427
1388543703.927084
1388543703.932367
1388543703.935754
1388543703.938610
1388543703.941424
1388543703.944732
1388543703.947731
1388543703.950639
1388543703.953423
1388543703.957510
1388543703.977902
1388543703.981107
1388543703.984485
1388543703.988491
1388543703.993626
1388543703.997447
1388543704.027212
1388543704.031142
1388543704.037947
1388543704.043911
1388543704.050534
1388543704.058915
1388543704.063806
1388543704.127005
1388543704.130012
1388543704.133371
1388543704.136325
1388543704.149450
1388543704.152430
1388543704.155981
1388543704.161155
1388543704.165497
1388543704.170090
1388543704.183801
1388543704.186836
1388543704.189974
1388543704.193457
1388543704.198012
1388543704.203135
1388543704.205997
1388543704.208902
1388543704.211811
1388543704.214568
1388543704.217017
1388543704.219558
1388543704.222137
1388543704.225723
1388543704.229721
1388543704.233976
1388543704.236547
1388543704.261575
1388543704.266309
1388543704.271005
1388543704.274082
1388543704.276597
1388543704.279498
1388543704.281945
1388543704.284879
1388543704.287539
1388543704.290258
1388543704.294935
1388543704.298524
1388543704.303188
1388543704.305816
1388543704.308303
1388543704.350012
1388543704.352480
1388543704.355633
1388543704.359913
1388543704.365001
1388543704.367508
1388543704.370085
1388543704.388270
1388543704.408772
1388543704.412088
1388543704.416006
1388543704.439461
1388543704.442202
1388543704.444702
1388543704.448993
1388543704.452311
1388543704.458933
1388543704.462002
1388543704.464602
1388543704.467765
1388543704.470223
1388543704.472956
1388543704.475480
1388543704.481072
1388543704.484983
1388543704.488801
1388543704.491399
1388543704.494269
1388543704.534583
1388543704.557159
1388543704.564945
1388543704.572730
1388543704.591455
1388543704.601326
1388543704.609985
1388543704.616466
1388543704.622826
1388543704.628678
1388543704.646189
1388543704.651568
1388543704.656023
1388543704.661152
1388543704.670263
1388543704.680460
1388543704.683752
1388543704.687198
1388543704.691244
1388543704.695275
1388543704.737044
1388543704.740188
1388543704.744664
1388543704.752610
1388543704.760288
1388543704.764736
1388543704.768624
1388543704.771880
1388543704.774944
1388543704.778527
1388543704.783087
1388543704.818258
1388543704.853451
1388543704.857353
1388543704.863075
1388543704.866110
1388543704.873647
1388543704.876563
1388543704.896221
1388543704.898834
1388543704.901522
1388543704.904093
1388543704.918804
1388543704.921845
1388543704.927381
1388543704.930154
1388543704.932770
1388543704.935285
1388543704.937800
1388543704.940430
1388543704.943252
1388543704.974903
1388543704.978083
1388543704.980675
1388543704.982891
1388543704.985323
1388543704.988605
1388543704.992762
1388543704.996282
1388543704.999047
1388543705.001770
1388543705.009348
1388543705.023678
1388543705.027742
1388543705.031232
1388543705.033981
1388543705.036693
1388543705.041014
1388543705.083096
1388543705.085684
1388543705.088349
1388543705.090945
1388543705.093771
1388543705.096376
1388543705.098723
1388543705.102796
1388543705.106005
1388543705.110490
1388543705.112965
1388543705.115431
1388543705.117966
1388543705.120589
1388543705.123256
1388543705.126444
1388543705.128997
1388543705.132054
1388543705.149246
1388543705.152269
1388543705.154775
1388543705.157391
1388543705.160302
1388543705.164837
1388543705.169834
1388543705.173771
1388543705.176896
1388543705.179869
1388543705.182477
1388543705.189671
1388543705.277125
1388543705.294896
1388543705.302943
1388543705.315719
1388543705.332224
1388543705.340346
1388543705.347824
1388543705.354892
1388543705.363551
1388543705.369406
1388543705.375675
1388543705.384174
1388543705.390503
1388543705.405297
1388543705.422504
1388543705.433101
1388543705.437077
1388543705.442347
1388543705.447660
1388543705.452516
1388543705.456205
1388543705.459849
1388543705.464350
1388543705.468257
1388543705.476617
1388543705.506157
1388543705.511016
1388543705.518352
1388543705.522438
1388543705.526293
1388543705.529886
1388543705.533347
1388543705.537527
1388543705.554577
1388543705.558612
1388543705.562129
1388543705.565486
1388543705.570159
1388543705.574958
1388543705.619602
1388543705.642601
1388543705.650123
1388543705.659298
1388543705.666850
1388543705.673897
1388543705.682205
1388543705.743711
1388543705.747246
1388543705.750430
1388543705.784325
1388543705.798636
1388543705.801911
1388543705.805475
1388543705.809600
1388543705.814168
1388543705.820281
1388543705.828709
1388543705.832049
1388543705.835397
1388543705.861701
1388543705.864819
1388543705.869186
1388543705.883980
1388543705.901297
1388543705.906065
1388543705.912424
1388543705.916067
1388543705.919520
1388543705.923370
1388543705.926507
1388543705.930124
1388543705.934587
1388543705.938552
1388543705.943231
1388543705.946514
1388543705.949547
1388543705.952677
1388543705.955558
1388543705.958084
1388543705.961217
1388543705.964977
1388543706.002087
1388543706.004700
1388543706.007305
1388543706.009788
1388543706.012544
1388543706.014932
1388543706.024949
1388543706.029465
1388543706.046851
1388543706.050009
1388543706.054616
1388543706.058400
1388543706.062885
1388543706.065597
1388543706.113837
1388543706.116729
1388543706.119914
1388543706.124014
1388543706.127190
1388543706.134334
1388543706.138427
1388543706.142146
1388543706.146093
1388543706.150901
1388543706.197912
1388543706.204279
1388543706.211069
1388543706.230278
1388543706.234431
1388543706.239977
1388543706.255636
1388543706.262455
1388543706.267514
1388543706.273341
1388543706.280467
1388543706.283962
1388543706.287678
1388543706.290609
1388543706.293503
1388543706.296394
1388543706.299617
1388543706.302905
1388543706.307539
1388543706.321242
1388543706.323868
1388543706.326571
1388543706.329309
1388543706.332167
1388543706.335892
1388543706.341899
1388543706.344999
1388543706.347873
1388543706.362322
1388543706.366385
1388543706.371605
1388543706.374816
1388543706.419797
1388543706.422241
1388543706.427138
1388543706.430161
1388543706.435152
1388543706.450083
1388543706.453542
1388543706.456648
1388543706.460029
1388543706.465570
1388543706.468614
1388543706.471404
1388543706.473887
1388543706.489909
1388543706.493122
1388543706.498433
1388543706.501099
1388543706.504106
1388543706.506745
1388543706.509708
1388543706.512512
1388543706.543628
1388543706.555228
1388543706.559845
1388543706.596200
1388543706.598952
1388543706.601799
1388543706.623132
1388543706.648666
1388543706.652690
1388543706.657254
1388543706.660177
1388543706.662546
1388543706.665025
1388543706.667721
1388543706.670211
1388543706.672719
1388543706.675220
1388543706.678847
1388543706.682383
1388543706.686613
1388543706.689137
1388543706.719607
1388543706.723533
1388543706.729703
1388543706.746429
1388543706.749339
1388543706.753252
1388543706.756079
1388543706.760754
1388543706.763634
1388543706.767520
1388543706.770906
1388543706.773644
1388543706.784318
1388543706.788856
1388543706.794088
1388543706.796910
1388543706.799499
1388543706.802452
1388543706.805577
1388543706.808235
1388543706.810498
1388543706.813210
1388543706.816354
1388543706.820654
1388543706.825944
1388543706.828981
1388543706.831408
1388543706.834171
1388543706.836848
1388543706.839350
1388543706.841830
1388543706.844230
1388543706.848220
1388543706.852182
1388543706.861139
1388543706.863723
1388543706.866283
1388543706.869168
1388543706.871643
1388543706.874181
1388543706.884526
1388543706.888451
1388543706.891110
1388543706.893760
1388543706.896321
1388543706.899004
1388543706.901950
1388543706.910171
1388543706.913528
1388543706.930882
1388543706.934280
1388543706.937138
1388543706.940975
1388543706.944255
1388543706.948699
1388543706.951471
1388543706.953996
1388543706.956742
1388543706.959155
1388543706.961837
1388543706.964335
1388543706.967268
1388543706.972342
1388543706.976395
1388543706.980789
1388543707.023716
1388543707.026456
1388543707.029294
1388543707.032803
1388543707.037953
1388543707.042578
1388543707.045077
1388543707.047544
1388543707.050891
1388543707.053586
1388543707.056361
1388543707.058797
1388543707.061954
1388543707.066455
1388543707.077861
1388543707.080420
1388543707.083284
1388543707.085722
1388543707.088054
1388543707.108308
1388543707.111232
1388543707.130738
1388543707.135459
1388543707.165891
1388543707.168645
1388543707.171112
1388543707.173618
1388543707.176147
1388543707.178584
1388543707.181462
1388543707.184216
1388543707.187162
1388543707.190904
1388543707.196246
1388543707.199084
1388543707.201604
1388543707.204097
1388543707.206481
1388543707.209065
1388543707.211508
1388543707.214222
1388543707.219977
1388543707.224194
1388543707.227873
1388543707.260252
1388543707.262735
1388543707.265823
1388543707.268890
1388543707.271752
1388543707.274547
1388543707.277365
1388543707.280802
1388543707.285253
1388543707.290401
1388543707.293269
1388543707.295722
1388543707.298632
1388543707.301537
1388543707.304505
1388543707.307013
1388543707.312668
1388543707.316074
1388543707.320538
1388543707.323118
1388543707.325665
1388543707.328242
1388543707.400523
1388543707.407100
1388543707.415527
1388543707.422933
1388543707.436098
1388543707.445928
1388543707.452526
1388543707.455796
1388543707.459332
1388543707.462124
1388543707.466086
1388543707.470536
1388543707.475675
1388543707.479157
1388543707.482522
1388543707.485182
1388543707.487647
1388543707.506995
1388543707.509411
1388543707.511960
1388543707.514624
1388543707.562627
1388543707.573241
1388543707.576974
1388543707.597373
1388543707.603898
1388543707.607046
1388543707.610156
1388543707.613348
1388543707.617320
1388543707.620382
1388543707.623335
1388543707.628605
1388543707.632550
1388543707.638130
1388543707.641296
1388543707.644694
1388543707.648393
1388543707.664746
1388543707.711110
1388543707.789448
1388543707.797517
1388543707.805590
1388543707.813125
1388543707.817162
1388543707.821506
1388543707.825875
1388543707.830910
1388543707.834196
1388543707.837409
1388543707.840822
1388543707.843391
1388543707.846346
1388543707.849203
1388543707.851867
1388543707.854848
1388543707.858269
1388543707.862932
1388543707.866203
1388543707.868708
1388543707.871224
1388543707.873618
1388543707.876798
1388543707.879463
1388543707.881831
1388543707.885042
1388543707.888833
1388543707.893593
1388543707.897076
1388543707.899422
1388543707.901881
1388543707.904263
1388543707.906550
1388543707.909211
1388543707.925484
1388543707.928982
1388543707.933675
1388543707.936916
1388543707.939455
1388543707.941878
1388543707.965979
1388543707.968600
1388543707.971130
1388543707.973584
1388543707.976703
1388543707.980748
1388543707.985421
1388543707.987898
1388543707.990332
1388543707.992776
1388543707.995683
1388543707.998077
1388543708.000532
1388543708.003041
1388543708.005655
1388543708.008933
1388543708.014277
1388543708.017644
1388543708.020201
1388543708.022709
1388543708.025200
1388543708.027885
1388543708.030725
1388543708.033146
1388543708.039554
1388543708.043506
1388543708.049032
1388543708.051980
1388543708.054765
1388543708.057296
1388543708.059833
1388543708.062826
1388543708.065426
1388543708.068055
1388543708.073673
1388543708.077444
1388543708.081213
1388543708.083767
1388543708.086305
1388543708.088820
1388543708.091302
1388543708.105108
1388543708.108824
1388543708.112825
1388543708.115248
1388543708.117714
1388543708.120271
1388543708.122885
1388543708.194222
1388543708.215736
1388543708.220082
1388543708.225256
1388543708.231596
1388543708.237932
1388543708.241958
1388543708.246439
1388543708.270917
1388543708.276118
1388543708.280611
1388543708.284533
1388543708.288735
1388543708.293412
1388543708.299423
1388543708.306527
1388543708.327806
1388543708.335083
1388543708.340249
1388543708.344413
1388543708.348826
1388543708.353561
1388543708.362177
1388543708.368775
1388543708.372782
1388543708.377613
1388543708.381538
1388543708.386701
1388543708.391514
1388543708.396036
1388543708.399244
1388543708.401981
1388543708.404492
1388543708.407107
1388543708.409650
1388543708.412501
1388543708.415496
1388543708.419284
1388543708.431013
1388543708.433851
1388543708.436350
1388543708.438809
1388543708.441723
1388543708.445126
1388543708.448998
1388543708.461997
1388543708.467277
1388543708.469903
1388543708.472459
1388543708.475079
1388543708.480825
1388543708.485828
1388543708.516905
1388543708.658011
1388543708.663439
1388543708.669458
1388543708.675717
1388543708.683560
1388543708.689766
1388543708.722240
1388543708.746188
1388543708.753117
1388543708.759636
1388543708.766783
1388543708.835913
1388543708.865832
1388543708.888395
1388543708.894885
1388543708.900728
1388543708.907636
1388543708.922986
1388543708.938117
1388543708.944245
1388543708.951467
1388543708.955368
1388543708.959664
1388543708.972380
1388543708.978256
1388543709.007399
1388543709.024917
1388543709.030034
1388543709.065896
1388543709.118451
1388543709.124649
1388543709.133317
1388543709.153028
1388543709.241897
1388543709.261010
1388543709.284671
1388543709.305647
1388543709.309900
1388543709.332309
1388543709.336424
1388543709.358694
1388543709.363276
1388543709.383486
1388543709.388962
1388543709.393125
1388543709.396526
1388543709.421058
1388543709.425019
1388543709.428595
1388543709.431883
1388543709.435507
1388543709.440107
1388543709.445686
1388543709.450972
1388543709.454773
1388543709.459953
1388543709.482181
1388543709.484802
1388543709.487051
1388543709.489782
1388543709.492092
1388543709.511607
1388543709.514402
1388543709.516658
1388543709.518816
1388543709.532731
1388543709.538448
1388543709.543436
1388543709.545885
1388543709.548320
1388543709.550909
1388543709.554369
1388543709.557835
1388543709.560546
1388543709.563534
1388543709.567205
1388543709.570447
1388543709.574702
1388543709.577533
1388543709.579780
1388543709.582006
1388543709.594513
1388543709.597588
1388543709.605500
1388543709.608607
1388543709.615363
1388543709.617561
1388543709.620270
1388543709.623081
1388543709.625965
1388543709.629653
1388543709.634810
1388543709.637996
1388543709.641653
1388543709.643964
1388543709.646492
1388543709.648665
1388543709.710782
1388543709.719202
1388543709.743683
1388543709.774681
1388543709.779645
1388543709.782614
1388543709.787313
1388543709.817585
1388543709.821043
1388543709.852704
1388543709.857060
1388543709.860850
1388543709.864382
1388543709.867120
1388543709.870531
1388543709.892149
1388543709.894521
1388543709.897123
1388543709.899439
1388543709.903254
1388543709.906651
1388543709.918579
1388543709.921264
1388543709.945682
1388543709.950840
1388543709.957093
1388543709.962882
1388543709.969916
1388543709.977506
1388543709.984559
1388543709.990796
1388543710.022111
1388543710.027703
1388543710.047935
1388543710.054118
1388543710.092917
1388543710.098106
1388543710.103806
1388543710.123444
1388543710.130762
1388543710.142664
1388543710.168978
1388543710.179519
1388543710.183382
1388543710.187216
1388543710.190282
1388543710.196580
1388543710.211477
1388543710.225341
1388543710.229949
1388543710.234861
1388543710.238703
1388543710.250088
1388543710.253849
1388543710.259710
1388543710.285115
1388543710.300340
1388543710.303773
1388543710.318026
1388543710.330363
1388543710.337285
1388543710.370275
1388543710.382690
1388543710.400813
1388543710.405298
1388543710.409836
1388543710.414705
1388543710.453524
1388543710.461433
1388543710.464973
1388543710.507754
1388543710.550630
1388543710.557088
1388543710.563192
1388543710.568762
1388543710.575815
1388543710.586803
1388543710.653728
1388543710.671690
1388543710.697967
1388543710.716675
1388543710.724953
1388543710.731069
1388543710.739391
1388543710.748296
1388543710.753681
1388543710.757397
1388543710.765079
1388543710.769467
1388543710.800407
1388543710.827343
1388543710.831256
1388543710.837825
1388543710.841903
1388543710.845796
1388543710.848673
1388543710.852902
1388543710.857868
1388543710.862734
1388543710.885001
1388543710.889376
1388543710.895001
1388543710.899557
1388543710.903458
1388543710.910278
1388543710.978484
1388543710.982029
1388543710.998752
1388543711.003093
1388543711.020008
1388543711.024402
1388543711.036214
1388543711.039710
1388543711.043801
1388543711.048859
1388543711.055215
1388543711.058888
1388543711.062857
1388543711.066865
1388543711.070120
1388543711.077035
1388543711.097289
1388543711.100791
1388543711.104257
1388543711.108278
1388543711.112640
1388543711.116871
1388543711.119806
1388543711.137984
1388543711.142270
1388543711.146224
1388543711.151049
1388543711.168142
1388543711.172067
1388543711.176728
1388543711.179764
1388543711.183590
1388543711.186663
1388543711.190052
1388543711.192894
1388543711.196864
1388543711.200894
1388543711.205500
1388543711.248440
1388543711.251604
1388543711.254677
1388543711.258529
1388543711.263432
1388543711.268689
1388543711.277700
1388543711.280709
1388543711.298548
1388543711.303037
1388543711.305859
1388543711.309488
1388543711.313048
1388543711.316604
1388543711.320824
1388543711.324823
1388543711.330485
1388543711.355731
1388543711.392327
1388543711.397886
1388543711.401256
1388543711.417831
1388543711.423266
1388543711.427435
1388543711.444284
1388543711.461648
1388543711.465795
1388543711.469467
1388543711.473381
1388543711.477208
1388543711.481064
1388543711.485762
1388543711.489687
1388543711.492639
1388543711.496484
1388543711.514710
1388543711.519424
1388543711.522241
1388543711.558409
1388543711.562527
1388543711.575266
1388543711.578715
1388543711.581631
1388543711.584497
1388543711.607033
1388543711.610350
1388543711.614454
1388543711.628351
1388543711.640493
1388543711.643279
1388543711.647654
1388543711.664832
1388543711.668222
1388543711.671207
1388543711.674330
1388543711.677874
1388543711.682854
1388543711.687013
1388543711.692103
1388543711.695207
1388543711.698685
1388543711.722948
1388543711.726238
1388543711.729814
1388543711.733031
1388543711.736346
1388543711.739723
1388543711.754475
1388543711.757804
1388543711.760852
1388543711.764461
1388543711.767621
1388543711.770707
1388543711.817875
1388543711.823846
1388543711.867660
1388543711.873549
1388543711.881205
1388543711.943088
1388543711.949673
1388543711.973072
1388543712.000393
1388543712.036089
1388543712.065010
1388543712.107312
1388543712.130209
1388543712.157657
1388543712.164648
1388543712.169006
1388543712.172790
1388543712.176445
1388543712.204887
1388543712.208936
1388543712.222670
1388543712.231807
1388543712.235982
1388543712.242735
1388543712.247486
1388543712.252962
1388543712.274925
1388543712.281115
1388543712.284745
1388543712.307649
1388543712.313552
1388543712.317032
1388543712.320396
1388543712.323667
1388543712.327283
1388543712.330504
1388543712.334573
1388543712.339588
1388543712.344211
1388543712.346652
1388543712.348838
1388543712.351034
1388543712.353325
1388543712.372984
1388543712.376519
1388543712.380051
1388543712.383781
1388543712.386367
1388543712.388626
1388543712.390846
1388543712.393645
1388543712.395998
1388543712.398036
1388543712.400285
1388543712.442062
1388543712.446892
1388543712.453065
1388543712.474996
1388543712.482862
1388543712.498525
1388543712.500802
1388543712.503710
1388543712.505703
1388543712.508537
1388543712.529581
1388543712.532130
1388543712.534875
1388543712.553814
1388543712.578742
1388543712.584956
1388543712.589324
1388543712.594585
1388543712.597553
1388543712.600422
1388543712.603092
1388543712.605813
1388543712.608783
1388543712.611586
1388543712.663697
1388543712.700351
1388543712.703417
1388543712.707804
1388543712.712538
1388543712.717930
1388543712.720902
1388543712.724046
1388543712.728360
1388543712.731128
1388543712.734388
1388543712.738786
1388543712.742860
1388543712.747679
1388543712.770996
1388543712.776276
1388543712.819285
1388543712.857614
1388543712.884866
1388543712.887750
1388543712.891536
1388543712.896208
1388543712.900225
1388543712.905034
1388543712.908435
1388543712.911472
1388543712.914896
1388543712.949769
1388543712.953018
1388543712.955995
1388543712.965955
1388543712.970639
1388543712.974166
1388543712.977582
1388543712.981673
1388543712.985613
1388543712.990879
1388543712.993940
1388543712.996655
1388543712.999613
1388543713.002009
1388543713.004256
1388543713.007078
1388543713.009224
1388543713.011782
1388543713.016533
1388543713.019619
1388543713.049860
1388543713.054600
1388543713.057531
1388543713.059868
1388543713.089487
1388543713.091671
1388543713.094236
1388543713.096503
1388543713.098653
1388543713.100935
1388543713.103372
1388543713.105705
1388543713.120617
1388543713.123185
1388543713.125394
1388543713.127376
1388543713.129836
1388543713.132102
1388543713.134115
1388543713.136153
1388543713.138816
1388543713.158059
1388543713.160361
1388543713.165178
1388543713.167848
1388543713.180980
1388543713.185966
1388543713.239664
1388543713.247020
1388543713.260241
1388543713.294616
1388543713.333087
1388543713.353718
1388543713.423189
1388543713.480373
1388543713.542795
1388543713.559357
1388543713.639804
1388543713.684095
1388543713.691383
1388543713.697952
1388543713.708003
1388543713.785529
1388543713.795814
1388543713.804344
1388543713.812763
1388543713.862420
1388543713.880031
1388543713.889513
1388543713.951560
1388543713.958449
1388543713.996412
1388543714.025708
1388543714.084351
1388543714.097099
1388543714.102053
1388543714.109553
1388543714.113736
1388543714.145215
1388543714.148015
1388543714.150790
1388543714.153710
1388543714.191705
1388543714.195146
1388543714.202405
1388543714.207690
1388543714.210617
1388543714.229903
1388543714.235822
1388543714.247339
1388543714.281674
1388543714.285046
1388543714.288711
1388543714.293784
1388543714.346225
1388543714.348958
1388543714.354412
1388543714.359960
1388543714.363827
1388543714.366828
1388543714.370030
1388543714.372641
1388543714.375152
1388543714.378202
1388543714.381570
1388543714.387761
1388543714.392946
1388543714.396109
1388543714.405497
1388543714.408672
1388543714.422916
1388543714.429405
1388543714.468342
1388543714.491182
1388543714.498498
1388543714.502463
1388543714.505799
1388543714.510022
1388543714.513787
1388543714.521554
1388543714.525211
1388543714.530463
1388543714.534740
1388543714.537898
1388543714.541577
1388543714.552886
1388543714.568949
1388543714.572535
1388543714.576166
1388543714.596307
1388543714.600548
1388543714.604151
1388543714.609898
1388543714.638053
1388543714.653582
1388543714.679618
1388543714.689728
1388543714.694204
1388543714.700531
1388543714.707797
1388543714.713110
1388543714.720612
1388543714.725246
1388543714.757046
1388543714.772556
1388543714.782366
1388543714.804999
1388543714.844237
1388543714.847955
1388543714.856599
1388543714.905981
1388543714.908954
1388543714.912146
1388543714.921314
1388543714.925547
1388543714.931447
1388543714.948848
1388543715.001067
1388543715.004111
1388543715.006872
1388543715.009964
1388543715.015632
1388543715.062112
1388543715.065923
1388543715.069468
1388543715.072030
1388543715.092582
1388543715.096026
1388543715.099454
1388543715.102622
1388543715.115276
1388543715.132259
1388543715.135782
1388543715.142152
1388543715.148581
1388543715.152585
1388543715.200477
1388543715.204163
1388543715.207468
1388543715.211377
1388543715.216026
1388543715.221754
1388543715.224547
1388543715.228658
1388543715.235944
1388543715.243748
1388543715.247566
1388543715.250301
1388543715.253260
1388543715.256298
1388543715.302986
1388543715.305589
1388543715.308805
1388543715.311531
1388543715.314704
1388543715.318122
1388543715.323183
1388543715.326598
1388543715.329729
1388543715.336549
1388543715.340759
1388543715.345094
1388543715.349097
1388543715.352218
1388543715.355460
1388543715.358124
1388543715.361306
1388543715.380611
1388543715.383790
1388543715.402454
1388543715.407168
1388543715.410868
1388543715.453477
1388543715.456779
1388543715.459917
1388543715.512721
1388543715.516408
1388543715.520132
1388543715.524929
1388543715.528927
1388543715.534427
1388543715.550264
1388543715.554824
1388543715.559138
1388543715.564367
1388543715.567635
1388543715.570675
1388543715.573419
1388543715.575936
1388543715.578524
1388543715.581857
1388543715.584885
1388543715.620175
1388543715.628432
1388543715.641818
1388543715.645315
1388543715.648560
1388543715.686970
1388543715.690260
1388543715.693462
1388543715.696484
1388543715.700126
1388543715.703587
1388543715.709065
1388543715.712886
1388543715.718477
1388543715.725492
1388543715.729029
1388543715.732242
1388543715.735370
1388543715.745022
1388543715.747649
1388543715.760967
1388543715.765641
1388543715.768634
1388543715.784070
1388543715.789709
1388543715.801161
1388543715.826004
1388543715.829619
1388543715.832353
1388543715.835374
1388543715.858275
1388543715.862060
1388543715.865339
1388543715.911032
1388543715.916069
1388543715.918559
1388543715.922004
1388543715.958760
1388543715.962433
1388543715.965024
1388543715.977812
1388543715.991040
1388543715.994183
1388543715.997381
1388543716.000678
1388543716.003776
1388543716.057218
1388543716.061600
1388543716.065783
1388543716.071423
1388543716.076768
1388543716.081846
1388543716.085899
1388543716.089142
1388543716.092131
1388543716.095495
1388543716.101397
1388543716.107168
1388543716.110823
1388543716.113963
1388543716.117206
1388543716.120226
1388543716.123579
1388543716.126842
1388543716.132580
1388543716.143985
1388543716.147512
1388543716.150278
1388543716.153114
1388543716.156280
1388543716.162878
1388543716.185655
1388543716.218607
1388543716.236286
1388543716.241627
1388543716.245188
1388543716.256312
1388543716.271705
1388543716.275459
1388543716.278760
1388543716.282212
1388543716.285626
1388543716.292445
1388543716.296385
1388543716.315494
1388543716.322147
1388543716.327062
1388543716.331805
1388543716.334545
1388543716.337466
1388543716.340565
1388543716.375822
1388543716.379163
1388543716.385083
1388543716.388278
1388543716.398023
1388543716.401320
1388543716.404639
1388543716.408050
1388543716.414750
1388543716.426762
1388543716.430062
1388543716.432986
1388543716.448026
1388543716.453748
1388543716.456784
1388543716.460771
1388543716.463660
1388543716.466493
1388543716.469064
1388543716.472617
1388543716.479733
1388543716.485088
1388543716.488000
1388543716.491399
1388543716.494587
1388543716.497207
1388543716.500478
1388543716.506664
1388543716.512431
1388543716.516264
1388543716.550329
1388543716.562163
1388543716.568780
1388543716.574109
1388543716.592954
1388543716.596330
1388543716.602682
1388543716.608401
1388543716.621701
1388543716.626294
1388543716.632157
1388543716.648849
1388543716.651838
1388543716.654707
1388543716.658658
1388543716.663021
1388543716.668250
1388543716.679136
1388543716.682274
1388543716.685378
1388543716.688746
1388543716.693029
1388543716.703110
1388543716.705858
1388543716.708740
1388543716.711822
1388543716.714963
1388543716.718632
1388543716.724338
1388543716.729659
1388543716.732412
1388543716.754113
1388543716.759385
1388543716.763435
1388543716.766086
1388543716.768792
1388543716.771755
1388543716.795544
1388543716.798375
1388543716.801501
1388543716.804296
1388543716.807474
1388543716.810515
1388543716.815681
1388543716.821672
1388543716.825022
1388543716.827447
1388543716.857259
1388543716.860370
1388543716.863843
1388543716.881613
1388543716.899428
1388543716.902063
1388543716.907226
1388543716.912064
1388543716.917154
1388543716.919903
1388543716.950338
1388543716.953867
1388543716.964086
1388543716.970857
1388543716.976207
1388543716.979365
1388543716.982392
1388543716.990775
1388543716.993548
1388543716.997695
1388543717.003950
1388543717.008273
1388543717.016540
1388543717.019232
1388543717.022957
1388543717.026820
1388543717.032368
1388543717.042458
1388543717.045443
1388543717.061527
1388543717.067443
1388543717.071213
1388543717.075042
1388543717.077698
1388543717.080302
1388543717.140754
1388543717.146221
1388543717.148999
1388543717.151467
1388543717.155333
1388543717.159546
1388543717.165230
1388543717.168977
1388543717.218133
1388543717.221286
1388543717.224814
1388543717.227780
1388543717.230634
1388543717.233456
1388543717.240420
1388543717.245356
1388543717.249324
1388543717.266278
1388543717.272270
1388543717.277558
1388543717.280712
1388543717.283696
1388543717.286273
1388543717.289992
1388543717.309388
1388543717.312295
1388543717.315322
1388543717.318538
1388543717.325273
1388543717.328471
1388543717.333569
1388543717.337420
1388543717.342511
1388543717.345154
1388543717.388051
1388543717.417481
1388543717.433814
1388543717.442379
1388543717.446534
1388543717.452382
1388543717.458834
1388543717.538394
1388543717.541514
1388543717.544365
1388543717.547916
1388543717.551697
1388543717.556832
1388543717.560508
1388543717.563960
1388543717.581260
1388543717.584167
1388543717.587869
1388543717.590853
1388543717.593993
1388543717.596775
1388543717.607065
1388543717.613405
1388543717.628433
1388543717.631106
1388543717.634565
1388543717.638581
1388543717.644467
1388543717.649700
1388543717.653321
1388543717.656571
1388543717.659683
1388543717.663016
1388543717.666339
1388543717.672355
1388543717.678161
1388543717.682013
1388543717.684715
1388543717.688001
1388543717.690531
1388543717.693431
1388543717.696919
1388543717.702279
1388543717.707966
1388543717.711718
1388543717.714764
1388543717.717586
1388543717.720959
1388543717.724103
1388543717.726976
1388543717.731948
1388543717.735315
1388543717.739981
1388543717.742811
1388543717.745442
1388543717.748303
1388543717.750802
1388543717.754282
1388543717.756984
1388543717.763027
1388543717.767316
1388543717.777068
1388543717.779728
1388543717.789107
1388543717.794218
1388543717.798234
1388543717.802801
1388543717.805514
1388543717.814665
1388543717.817368
1388543717.821328
1388543717.827434
1388543717.834032
1388543717.837770
1388543717.840928
1388543717.844381
1388543717.847610
1388543717.850384
1388543717.855386
1388543717.892598
1388543717.924303
1388543717.927986
1388543717.930618
1388543717.934082
1388543717.937244
1388543717.976476
1388543717.978768
1388543717.992673
1388543717.997396
1388543718.000902
1388543718.003930
1388543718.009609
1388543718.015695
1388543718.019802
1388543718.022601
1388543718.025087
1388543718.062095
1388543718.065082
1388543718.068608
1388543718.079874
1388543718.086090
1388543718.089030
1388543718.091876
1388543718.094861
1388543718.097709
1388543718.110806
1388543718.114700
1388543718.117379
1388543718.121042
1388543718.124002
1388543718.197416
1388543718.207333
1388543718.215186
1388543718.222390
1388543718.226871
1388543718.266957
1388543718.273122
1388543718.276711
1388543718.280315
1388543718.283105
1388543718.288848
1388543718.293706
1388543718.297990
1388543718.301417
1388543718.304174
1388543718.307144
1388543718.322018
1388543718.327513
1388543718.345393
1388543718.362199
1388543718.365015
1388543718.368318
1388543718.370996
1388543718.389481
1388543718.391849
1388543718.395517
1388543718.398860
1388543718.417769
1388543718.434593
1388543718.478851
1388543718.483715
1388543718.487131
1388543718.490181
1388543718.493508
1388543718.497928
1388543718.539602
1388543718.541951
1388543718.544277
1388543718.563227
1388543718.566274
1388543718.572965
1388543718.581575
1388543718.584720
1388543718.586958
1388543718.590116
1388543718.592613
1388543718.595790
1388543718.598680
1388543718.601405
1388543718.605162
1388543718.627771
1388543718.630482
1388543718.646618
1388543718.649828
1388543718.652210
1388543718.655333
1388543718.657697
1388543718.660393
1388543718.662739
1388543718.665738
1388543718.669591
1388543718.674335
1388543718.706396
1388543718.710132
1388543718.713695
1388543718.718582
1388543718.721813
1388543718.724693
1388543718.728299
1388543718.731609
1388543718.734228
1388543718.786397
1388543718.797631
1388543718.806996
1388543718.810307
1388543718.813331
1388543718.818462
1388543718.824661
1388543718.828455
1388543718.830888
1388543718.834242
1388543718.836651
1388543718.839049
1388543718.842155
1388543718.844389
1388543718.847456
1388543718.850765
1388543718.855074
1388543718.859781
1388543718.863838
1388543718.867579
1388543718.870870
1388543718.873566
1388543718.876473
1388543718.879899
1388543718.885908
1388543718.891616
1388543718.895373
1388543718.898421
1388543718.901208
1388543718.903444
1388543718.905755
1388543718.908004
1388543718.910274
1388543718.925067
1388543718.930237
1388543718.933753
1388543718.936712
1388543718.938682
1388543718.941263
1388543718.945192
1388543718.949714
1388543718.954372
1388543718.956875
1388543718.959410
1388543718.962160
1388543718.965063
1388543718.967272
1388543718.969887
1388543718.971811
1388543718.992006
1388543718.994162
1388543718.996583
1388543718.999028
1388543719.008390
1388543719.014718
1388543719.020182
1388543719.023437
1388543719.025726
1388543719.028071
1388543719.039141
1388543719.045635
1388543719.051673
1388543719.054756
1388543719.057734
1388543719.060606
1388543719.063678
1388543719.066443
1388543719.069478
1388543719.075088
1388543719.080189
1388543719.084510
1388543719.088179
1388543719.091281
1388543719.094251
1388543719.097558
1388543719.101088
1388543719.106315
1388543719.110028
1388543719.114627
1388543719.117699
1388543719.120374
1388543719.122805
1388543719.125432
1388543719.127981
1388543719.144219
1388543719.147906
1388543719.150817
1388543719.153277
1388543719.156403
1388543719.182347
1388543719.192187
1388543719.209749
1388543719.215274
1388543719.219000
1388543719.224977
1388543719.229328
1388543719.242233
1388543719.259564
1388543719.265256
1388543719.268870
1388543719.272188
1388543719.288134
1388543719.294367
1388543719.297765
1388543719.300742
1388543719.303876
1388543719.306772
1388543719.310137
1388543719.313517
1388543719.319323
1388543719.325627
1388543719.329819
1388543719.332454
1388543719.368390
1388543719.371904
1388543719.374681
1388543719.379418
1388543719.383235
1388543719.388638
1388543719.391887
1388543719.395077
1388543719.397856
1388543719.401119
1388543719.403722
1388543719.406566
1388543719.421349
1388543719.445118
1388543719.450697
1388543719.467855
1388543719.470731
1388543719.473487
1388543719.479892
1388543719.486664
1388543719.490364
1388543719.512331
1388543719.518356
1388543719.532801
1388543719.535880
1388543719.563455
1388543719.572384
1388543719.575153
1388543719.578298
1388543719.584454
1388543719.588209
1388543719.591063
1388543719.596171
1388543719.612587
1388543719.615707
1388543719.618694
1388543719.622106
1388543719.722222
1388543719.729782
1388543719.738270
1388543719.750728
1388543719.756564
1388543719.761629
1388543719.765954
1388543719.772605
1388543719.779684
1388543719.804347
1388543719.809645
1388543719.815693
1388543719.819342
1388543719.834579
1388543719.839234
1388543719.844873
1388543719.848755
1388543719.852186
1388543719.854962
1388543719.857889
1388543719.881426
1388543719.884709
1388543719.888256
1388543719.902826
1388543719.907778
1388543719.959319
1388543719.968262
1388543719.998630
1388543720.008558
1388543720.015495
1388543720.022087
