2710
9
1388543319.169955
1388543319.212202
1388543319.215443
1388543319.235265
1388543319.241726
1388543319.246892
1388543319.250698
1388543319.254447
1388543319.269058
1388543319.274557
1388543319.278216
1388543319.299991
1388543319.305074
1388543319.309353
1388543319.312766
1388543319.316296
1388543319.319651
1388543319.322776
1388543319.326356
1388543319.330489
1388543319.336227
1388543319.338963
1388543319.342481
1388543319.346280
1388543319.349772
1388543319.352424
1388543319.355654
1388543319.360197
1388543319.364468
1388543319.369584
1388543319.372723
1388543319.376525
1388543319.379188
1388543319.382260
1388543319.384922
1388543319.388340
1388543319.392629
1388543319.397593
1388543319.401426
1388543319.404553
1388543319.407187
1388543319.409856
1388543319.413237
1388543319.415929
1388543319.419202
1388543319.423528
1388543319.427321
1388543319.432189
1388543319.436278
1388543319.439319
1388543319.492780
1388543319.495648
1388543319.498763
1388543319.501889
1388543319.504965
1388543319.508458
1388543319.513475
1388543319.516717
1388543319.519264
1388543319.522586
1388543319.526154
1388543319.531552
1388543319.535333
1388543319.537566
1388543319.540920
1388543319.544090
1388543319.579893
1388543319.584094
1388543319.589744
1388543319.596176
1388543319.627555
1388543319.636634
1388543319.643293
1388543319.649862
1388543319.655661
1388543319.662867
1388543319.671179
1388543319.674255
1388543319.678185
1388543319.684317
1388543319.688406
1388543319.692956
1388543319.696377
1388543319.699442
1388543319.702645
1388543319.705618
1388543319.708661
1388543319.713772
1388543319.718427
1388543319.723576
1388543319.727420
1388543319.731508
1388543319.734427
1388543319.737549
1388543319.740701
1388543319.745052
1388543319.749239
1388543319.754472
1388543319.758036
1388543319.762054
1388543319.765202
1388543319.768754
1388543319.771907
1388543319.775679
1388543319.780093
1388543319.786665
1388543319.791232
1388543319.794021
1388543319.796854
1388543319.811627
1388543319.815948
1388543319.818829
1388543319.821768
1388543319.824118
1388543319.826743
1388543319.829537
1388543319.831942
1388543319.834815
1388543319.838520
1388543319.842075
1388543319.846883
1388543319.849372
1388543319.851838
1388543319.854808
1388543319.857256
1388543319.859812
1388543319.862322
1388543319.864725
1388543319.869466
1388543319.872712
1388543319.877456
1388543319.879896
1388543319.882291
1388543319.884644
1388543319.887041
1388543319.889421
1388543319.892366
1388543319.895237
1388543319.898821
1388543319.902026
1388543319.906535
1388543319.930976
1388543319.934533
1388543319.939110
1388543319.941627
1388543319.944488
1388543319.946901
1388543319.949341
1388543319.951712
1388543319.993589
1388543319.996088
1388543319.998378
1388543320.000738
1388543320.003000
1388543320.005268
1388543320.008223
1388543320.012593
1388543320.015187
1388543320.017906
1388543320.021092
1388543320.026419
1388543320.031365
1388543320.034533
1388543320.036955
1388543320.039604
1388543320.042240
1388543320.044765
1388543320.046996
1388543320.049383
1388543320.051717
1388543320.053937
1388543320.057097
1388543320.060761
1388543320.064918
1388543320.068412
1388543320.071320
1388543320.074597
1388543320.077561
1388543320.079872
1388543320.082108
1388543320.084593
1388543320.087588
1388543320.090701
1388543320.095752
1388543320.098997
1388543320.101353
1388543320.103728
1388543320.105935
1388543320.108810
1388543320.111659
1388543320.113936
1388543320.116514
1388543320.123404
1388543320.129986
1388543320.132643
1388543320.134910
1388543320.137739
1388543320.140026
1388543320.142845
1388543320.145332
1388543320.147721
1388543320.153179
1388543320.157671
1388543320.161050
1388543320.163521
1388543320.165969
1388543320.168920
1388543320.171237
1388543320.173621
1388543320.177016
1388543320.180258
1388543320.183748
1388543320.188182
1388543320.191673
1388543320.195830
1388543320.198597
1388543320.202370
1388543320.204749
1388543320.207036
1388543320.209967
1388543320.214209
1388543320.218729
1388543320.222118
1388543320.224862
1388543320.227510
1388543320.229813
1388543320.232885
1388543320.235183
1388543320.237486
1388543320.240806
1388543320.244260
1388543320.250123
1388543320.252726
1388543320.255101
1388543320.257678
1388543320.260287
1388543320.262588
1388543320.265017
1388543320.267387
1388543320.269814
1388543320.274543
1388543320.280053
1388543320.283271
1388543320.285710
1388543320.288675
1388543320.291272
1388543320.293759
1388543320.296052
1388543320.298360
1388543320.301208
1388543320.305354
1388543320.309800
1388543320.314141
1388543320.316703
1388543320.319558
1388543320.322144
1388543320.326232
1388543320.329080
1388543320.332117
1388543320.336112
1388543320.340456
1388543320.345476
1388543320.348545
1388543320.351547
1388543320.354043
1388543320.357057
1388543320.359928
1388543320.363497
1388543320.367257
1388543320.371980
1388543320.376461
1388543320.379443
1388543320.381766
1388543320.384066
1388543320.386874
1388543320.389909
1388543320.395323
1388543320.399129
1388543320.403848
1388543320.407160
1388543320.409975
1388543320.412870
1388543320.419010
1388543320.421588
1388543320.425355
1388543320.428142
1388543320.432604
1388543320.438135
1388543320.441164
1388543320.443613
1388543320.446765
1388543320.450067
1388543320.452601
1388543320.455980
1388543320.460576
1388543320.463813
1388543320.469047
1388543320.471567
1388543320.474733
1388543320.477320
1388543320.479655
1388543320.482894
1388543320.500035
1388543320.502789
1388543320.506354
1388543320.511357
1388543320.515670
1388543320.519686
1388543320.524135
1388543320.542850
1388543320.545326
1388543320.548195
1388543320.551769
1388543320.557045
1388543320.560666
1388543320.563334
1388543320.565778
1388543320.589545
1388543320.592454
1388543320.595067
1388543320.597393
1388543320.600265
1388543320.602925
1388543320.605297
1388543320.620266
1388543320.624436
1388543320.627074
1388543320.629753
1388543320.632224
1388543320.634752
1388543320.637585
1388543320.640159
1388543320.642943
1388543320.646427
1388543320.652183
1388543320.654854
1388543320.658098
1388543320.661154
1388543320.663858
1388543320.666495
1388543320.668977
1388543320.671910
1388543320.675630
1388543320.680367
1388543320.684341
1388543320.686843
1388543320.689789
1388543320.692315
1388543320.694800
1388543320.697264
1388543320.699818
1388543320.702370
1388543320.706103
1388543320.710022
1388543320.714772
1388543320.717371
1388543320.720300
1388543320.723698
1388543320.726457
1388543320.729097
1388543320.731706
1388543320.734967
1388543320.738657
1388543320.744853
1388543320.747222
1388543320.749837
1388543320.752403
1388543320.754810
1388543320.757987
1388543320.760574
1388543320.763180
1388543320.766448
1388543320.769546
1388543320.775397
1388543320.777747
1388543320.780376
1388543320.782860
1388543320.785449
1388543320.787961
1388543320.791075
1388543320.793542
1388543320.797689
1388543320.801818
1388543320.829635
1388543320.832836
1388543320.837312
1388543320.840114
1388543320.842561
1388543320.844950
1388543320.847319
1388543320.849925
1388543320.852510
1388543320.854932
1388543320.860183
1388543320.862884
1388543320.867190
1388543320.869884
1388543320.872580
1388543320.874812
1388543320.877346
1388543320.904745
1388543320.907795
1388543320.910276
1388543320.936461
1388543320.939278
1388543320.946005
1388543320.948554
1388543320.951260
1388543320.954154
1388543320.959762
1388543320.962643
1388543320.965165
1388543320.967884
1388543320.970316
1388543320.973125
1388543320.975811
1388543320.978237
1388543320.983808
1388543320.986944
1388543320.991976
1388543320.994590
1388543320.997295
1388543321.000026
1388543321.002815
1388543321.005853
1388543321.008549
1388543321.013980
1388543321.018325
1388543321.022669
1388543321.025166
1388543321.027834
1388543321.030351
1388543321.032857
1388543321.035360
1388543321.039011
1388543321.041838
1388543321.045655
1388543321.051426
1388543321.054122
1388543321.056969
1388543321.059507
1388543321.062294
1388543321.064850
1388543321.067240
1388543321.069763
1388543321.073599
1388543321.077528
1388543321.083497
1388543321.086634
1388543321.090217
1388543321.092792
1388543321.095506
1388543321.098078
1388543321.100425
1388543321.104835
1388543321.109639
1388543321.113643
1388543321.116387
1388543321.118982
1388543321.121847
1388543321.124381
1388543321.126907
1388543321.129607
1388543321.134247
1388543321.138185
1388543321.143531
1388543321.145925
1388543321.148511
1388543321.150863
1388543321.152958
1388543321.155814
1388543321.158095
1388543321.160232
1388543321.162663
1388543321.166932
1388543321.170033
1388543321.174734
1388543321.177094
1388543321.179561
1388543321.181682
1388543321.184227
1388543321.186584
1388543321.189265
1388543321.222159
1388543321.224704
1388543321.229188
1388543321.232765
1388543321.237995
1388543321.240971
1388543321.243539
1388543321.246190
1388543321.248658
1388543321.251311
1388543321.253654
1388543321.257209
1388543321.261885
1388543321.266735
1388543321.269521
1388543321.272300
1388543321.274774
1388543321.277345
1388543321.279995
1388543321.282679
1388543321.286484
1388543321.290245
1388543321.294393
1388543321.298157
1388543321.300644
1388543321.303108
1388543321.305734
1388543321.308107
1388543321.310611
1388543321.313484
1388543321.317933
1388543321.322840
1388543321.328126
1388543321.331035
1388543321.333624
1388543321.336720
1388543321.340811
1388543321.344743
1388543321.347001
1388543321.352293
1388543321.355230
1388543321.360891
1388543321.363408
1388543321.365729
1388543321.368457
1388543321.371082
1388543321.373727
1388543321.376203
1388543321.379503
1388543321.383868
1388543321.389244
1388543321.391546
1388543321.424009
1388543321.426321
1388543321.428657
1388543321.431956
1388543321.474987
1388543321.477446
1388543321.480234
1388543321.482685
1388543321.485142
1388543321.488495
1388543321.493713
1388543321.496449
1388543321.499147
1388543321.501854
1388543321.507592
1388543321.512702
1388543321.516127
1388543321.518721
1388543321.521791
1388543321.524796
1388543321.527325
1388543321.530073
1388543321.532646
1388543321.535200
1388543321.537938
1388543321.544563
1388543321.549818
1388543321.552801
1388543321.555508
1388543321.558339
1388543321.560905
1388543321.563482
1388543321.565900
1388543321.568995
1388543321.574088
1388543321.579982
1388543321.582563
1388543321.587106
1388543321.589730
1388543321.593049
1388543321.595565
1388543321.598375
1388543321.601610
1388543321.605299
1388543321.610950
1388543321.613831
1388543321.616337
1388543321.618971
1388543321.621588
1388543321.624264
1388543321.626784
1388543321.629441
1388543321.631912
1388543321.637128
1388543321.642427
1388543321.644983
1388543321.647865
1388543321.650239
1388543321.653118
1388543321.655602
1388543321.657846
1388543321.660467
1388543321.662848
1388543321.665970
1388543321.669844
1388543321.674376
1388543321.697400
1388543321.718378
1388543321.721392
1388543321.724368
1388543321.730387
1388543321.736175
1388543321.739454
1388543321.752932
1388543321.756295
1388543321.760328
1388543321.766109
1388543321.769574
1388543321.772120
1388543321.774846
1388543321.777488
1388543321.780060
1388543321.782635
1388543321.785538
1388543321.798694
1388543321.801857
1388543321.804559
1388543321.807539
1388543321.810188
1388543321.812731
1388543321.815283
1388543321.818429
1388543321.822523
1388543321.827792
1388543321.830608
1388543321.833300
1388543321.836351
1388543321.839030
1388543321.841619
1388543321.844152
1388543321.847604
1388543321.851909
1388543321.856948
1388543321.860400
1388543321.863020
1388543321.865637
1388543321.868842
1388543321.871558
1388543321.874109
1388543321.876655
1388543321.881557
1388543321.885276
1388543321.890433
1388543321.893255
1388543321.895841
1388543321.898448
1388543321.901502
1388543321.904174
1388543321.906744
1388543321.912208
1388543321.917619
1388543321.922026
1388543321.924665
1388543321.927275
1388543321.929962
1388543321.932523
1388543321.935551
1388543321.938100
1388543321.942488
1388543321.947111
1388543321.952477
1388543321.955119
1388543321.957853
1388543321.960429
1388543321.963022
1388543321.965684
1388543321.968802
1388543321.972700
1388543321.976428
1388543321.981915
1388543321.985068
1388543321.987788
1388543321.990394
1388543321.993124
1388543321.995800
1388543321.998450
1388543322.001318
1388543322.006236
1388543322.011127
1388543322.014658
1388543322.017590
1388543322.020405
1388543322.023006
1388543322.025707
1388543322.028926
1388543322.032214
1388543322.037403
1388543322.042816
1388543322.045704
1388543322.048423
1388543322.051746
1388543322.054333
1388543322.056905
1388543322.059546
1388543322.062237
1388543322.065890
1388543322.070677
1388543322.074683
1388543322.077283
1388543322.079882
1388543322.082431
1388543322.086394
1388543322.089004
1388543322.091582
1388543322.094731
1388543322.098466
1388543322.104376
1388543322.107187
1388543322.109992
1388543322.112592
1388543322.115200
1388543322.118191
1388543322.120933
1388543322.127129
1388543322.131801
1388543322.136481
1388543322.139066
1388543322.141699
1388543322.144422
1388543322.147757
1388543322.150808
1388543322.153484
1388543322.157763
1388543322.161863
1388543322.167479
1388543322.170195
1388543322.172777
1388543322.175162
1388543322.177738
1388543322.180431
1388543322.183047
1388543322.185767
1388543322.190579
1388543322.194985
1388543322.199100
1388543322.202250
1388543322.204892
1388543322.207525
1388543322.210795
1388543322.213570
1388543322.216130
1388543322.222206
1388543322.227135
1388543322.230768
1388543322.233915
1388543322.236479
1388543322.238921
1388543322.241348
1388543322.244092
1388543322.248434
1388543322.255775
1388543322.260828
1388543322.264118
1388543322.267049
1388543322.269581
1388543322.272218
1388543322.274743
1388543322.277355
1388543322.280618
1388543322.284555
1388543322.290217
1388543322.292881
1388543322.295294
1388543322.297790
1388543322.300855
1388543322.303342
1388543322.305750
1388543322.308031
1388543322.310851
1388543322.314427
1388543322.318227
1388543322.322526
1388543322.324957
1388543322.327270
1388543322.329565
1388543322.332451
1388543322.335334
1388543322.337793
1388543322.340217
1388543322.383697
1388543322.392730
1388543322.395822
1388543322.399902
1388543322.404469
1388543322.407847
1388543322.412673
1388543322.418697
1388543322.422335
1388543322.425065
1388543322.430528
1388543322.433763
1388543322.436373
1388543322.439001
1388543322.443455
1388543322.447232
1388543322.451898
1388543322.454485
1388543322.457095
1388543322.459838
1388543322.462381
1388543322.465282
1388543322.467893
1388543322.472330
1388543322.475485
1388543322.480990
1388543322.483796
1388543322.486363
1388543322.489502
1388543322.492130
1388543322.494703
1388543322.497261
1388543322.500544
1388543322.504761
1388543322.508699
1388543322.513391
1388543322.516205
1388543322.518756
1388543322.521367
1388543322.524135
1388543322.526768
1388543322.529293
1388543322.532133
1388543322.535745
1388543322.541088
1388543322.544898
1388543322.547854
1388543322.550667
1388543322.553358
1388543322.555965
1388543322.558489
1388543322.561083
1388543322.564591
1388543322.568294
1388543322.573419
1388543322.576034
1388543322.578683
1388543322.581790
1388543322.584417
1388543322.586952
1388543322.589498
1388543322.592701
1388543322.596326
1388543322.602381
1388543322.605558
1388543322.608308
1388543322.610842
1388543322.613500
1388543322.616479
1388543322.619060
1388543322.621662
1388543322.624762
1388543322.628354
1388543322.634087
1388543322.636826
1388543322.639504
1388543322.642028
1388543322.644504
1388543322.647932
1388543322.650493
1388543322.653096
1388543322.658904
1388543322.664829
1388543322.667358
1388543322.670101
1388543322.672722
1388543322.675353
1388543322.677934
1388543322.680730
1388543322.684634
1388543322.690026
1388543322.695714
1388543322.698775
1388543322.701510
1388543322.704168
1388543322.706740
1388543322.709626
1388543322.712805
1388543322.717628
1388543322.722092
1388543322.726299
1388543322.729144
1388543322.732137
1388543322.734524
1388543322.737118
1388543322.739633
1388543322.742390
1388543322.745135
1388543322.750487
1388543322.756153
1388543322.758823
1388543322.761532
1388543322.764498
1388543322.767022
1388543322.769608
1388543322.772395
1388543322.775930
1388543322.779630
1388543322.784135
1388543322.788594
1388543322.791239
1388543322.794072
1388543322.797015
1388543322.799726
1388543322.802315
1388543322.805204
1388543322.808911
1388543322.812688
1388543322.818682
1388543322.821521
1388543322.824039
1388543322.826710
1388543322.829302
1388543322.832905
1388543322.835520
1388543322.841135
1388543322.846264
1388543322.849717
1388543322.852353
1388543322.855000
1388543322.857530
1388543322.860056
1388543322.862718
1388543322.865750
1388543322.869094
1388543322.872316
1388543322.878194
1388543322.881332
1388543322.884091
1388543322.886649
1388543322.889856
1388543322.892453
1388543322.894937
1388543322.897935
1388543322.903421
1388543322.909194
1388543322.912129
1388543322.915290
1388543322.917944
1388543322.920567
1388543322.923223
1388543322.925793
1388543322.928554
1388543322.932376
1388543322.935788
1388543322.941053
1388543322.944420
1388543322.947506
1388543322.950181
1388543322.952743
1388543322.955296
1388543322.957869
1388543322.961115
1388543322.964674
1388543322.970227
1388543322.973244
1388543322.975865
1388543322.978523
1388543322.981539
1388543322.984183
1388543322.986917
1388543322.989811
1388543322.993900
1388543322.999406
1388543323.003395
1388543323.006170
1388543323.008768
1388543323.011342
1388543323.014419
1388543323.017064
1388543323.019795
1388543323.024818
1388543323.028132
1388543323.033580
1388543323.036287
1388543323.038954
1388543323.041637
1388543323.044277
1388543323.047379
1388543323.051194
1388543323.057225
1388543323.062778
1388543323.065894
1388543323.069356
1388543323.072091
1388543323.074641
1388543323.077221
1388543323.080365
1388543323.082994
1388543323.087998
1388543323.093664
1388543323.096857
1388543323.099729
1388543323.102337
1388543323.105044
1388543323.107452
1388543323.110050
1388543323.112652
1388543323.117054
1388543323.122577
1388543323.126674
1388543323.129750
1388543323.132598
1388543323.135234
1388543323.137876
1388543323.140453
1388543323.142994
1388543323.149220
1388543323.152342
1388543323.157679
1388543323.160458
1388543323.163446
1388543323.166144
1388543323.168887
1388543323.171401
1388543323.174155
1388543323.177436
1388543323.182150
1388543323.187804
1388543323.190458
1388543323.193168
1388543323.196246
1388543323.198846
1388543323.201423
1388543323.204150
1388543323.207724
1388543323.211795
1388543323.217812
1388543323.220693
1388543323.223312
1388543323.225913
1388543323.228971
1388543323.231718
1388543323.235011
1388543323.240350
1388543323.244264
1388543323.248900
1388543323.251648
1388543323.254308
1388543323.256965
1388543323.259492
1388543323.262666
1388543323.265674
1388543323.269787
1388543323.274071
1388543323.279404
1388543323.282073
1388543323.284747
1388543323.287329
1388543323.290008
1388543323.292621
1388543323.295608
1388543323.300873
1388543323.304238
1388543323.309750
1388543323.312914
1388543323.315509
1388543323.318273
1388543323.321062
1388543323.323611
1388543323.326156
1388543323.329326
1388543323.333545
1388543323.339168
1388543323.342035
1388543323.345069
1388543323.347917
1388543323.350623
1388543323.354088
1388543323.356673
1388543323.360554
1388543323.364984
1388543323.370687
1388543323.374067
1388543323.377678
1388543323.380457
1388543323.383290
1388543323.385694
1388543323.388214
1388543323.391140
1388543323.394829
1388543323.400940
1388543323.403917
1388543323.406457
1388543323.408966
1388543323.411892
1388543323.417378
1388543323.420164
1388543323.424087
1388543323.426623
1388543323.430118
1388543323.435370
1388543323.439734
1388543323.441988
1388543323.444754
1388543323.447134
1388543323.449406
1388543323.452502
1388543323.456215
1388543323.462378
1388543323.465124
1388543323.467778
1388543323.470396
1388543323.473320
1388543323.475889
1388543323.478781
1388543323.481169
1388543323.484716
1388543323.488223
1388543323.493962
1388543323.496734
1388543323.499242
1388543323.501669
1388543323.504127
1388543323.506550
1388543323.509344
1388543323.511981
1388543323.514993
1388543323.518576
1388543323.523912
1388543323.526525
1388543323.529489
1388543323.531756
1388543323.534271
1388543323.536773
1388543323.539654
1388543323.542791
1388543323.546232
1388543323.550025
1388543323.555671
1388543323.558533
1388543323.561797
1388543323.564279
1388543323.566826
1388543323.569460
1388543323.571909
1388543323.574889
1388543323.578394
1388543323.583747
1388543323.586720
1388543323.589366
1388543323.591895
1388543323.594841
1388543323.597320
1388543323.599820
1388543323.602333
1388543323.606016
1388543323.610100
1388543323.615766
1388543323.618162
1388543323.620518
1388543323.622829
1388543323.625139
1388543323.627990
1388543323.630314
1388543323.632799
1388543323.635593
1388543323.638844
1388543323.642249
1388543323.646982
1388543323.649393
1388543323.651825
1388543323.654223
1388543323.656656
1388543323.658985
1388543323.661897
1388543323.665301
1388543323.668787
1388543323.672237
1388543323.676827
1388543323.679418
1388543323.681780
1388543323.684198
1388543323.686544
1388543323.688864
1388543323.691232
1388543323.694139
1388543323.697530
1388543323.701264
1388543323.706515
1388543323.709776
1388543323.712392
1388543323.714811
1388543323.717174
1388543323.719561
1388543323.721924
1388543323.724325
1388543323.728277
1388543323.731829
1388543323.737105
1388543323.739724
1388543323.742182
1388543323.745035
1388543323.747483
1388543323.749913
1388543323.752365
1388543323.754725
1388543323.757589
1388543323.761288
1388543323.766335
1388543323.769329
1388543323.771691
1388543323.774042
1388543323.776936
1388543323.779396
1388543323.781795
1388543323.784154
1388543323.786648
1388543323.790053
1388543323.793455
1388543323.798019
1388543323.800384
1388543323.802710
1388543323.805050
1388543323.807298
1388543323.810158
1388543323.812720
1388543323.815068
1388543323.817518
1388543323.820389
1388543323.824292
1388543323.829512
1388543323.832442
1388543323.834889
1388543323.837229
1388543323.839567
1388543323.841904
1388543323.844932
1388543323.847235
1388543323.850524
1388543323.854516
1388543323.859873
1388543323.862442
1388543323.864729
1388543323.867059
1388543323.869449
1388543323.871946
1388543323.874231
1388543323.876999
1388543323.879538
1388543323.883339
1388543323.886546
1388543323.891510
1388543323.894460
1388543323.896873
1388543323.899273
1388543323.901658
1388543323.904135
1388543323.906556
1388543323.909112
1388543323.913838
1388543323.918798
1388543323.922534
1388543323.925043
1388543323.927982
1388543323.930557
1388543323.933001
1388543323.935493
1388543323.937810
1388543323.940191
1388543323.943488
1388543323.946945
1388543323.952460
1388543323.955050
1388543323.957245
1388543323.960103
1388543323.962613
1388543323.965056
1388543323.967471
1388543323.969841
1388543323.972263
1388543323.975897
1388543323.979589
1388543323.984462
1388543323.986902
1388543323.989252
1388543323.992179
1388543323.994703
1388543323.997016
1388543324.000349
1388543324.002819
1388543324.008824
1388543324.014121
1388543324.016849
1388543324.019562
1388543324.022453
1388543324.025363
1388543324.027947
1388543324.030372
1388543324.032909
1388543324.036113
1388543324.040312
1388543324.045681
1388543324.048256
1388543324.050862
1388543324.054033
1388543324.056528
1388543324.059462
1388543324.061930
1388543324.064638
1388543324.069088
1388543324.074227
1388543324.078087
1388543324.080737
1388543324.083087
1388543324.085850
1388543324.088499
1388543324.091180
1388543324.093685
1388543324.099071
1388543324.104230
1388543324.108390
1388543324.111005
1388543324.113548
1388543324.116204
1388543324.119560
1388543324.122095
1388543324.124667
1388543324.127988
1388543324.131777
1388543324.137018
1388543324.139904
1388543324.142733
1388543324.145218
1388543324.147829
1388543324.150305
1388543324.152775
1388543324.155268
1388543324.158329
1388543324.162346
1388543324.167805
1388543324.170521
1388543324.181935
1388543324.184614
1388543324.187243
1388543324.190291
1388543324.193529
1388543324.198813
1388543324.201496
1388543324.204105
1388543324.206758
1388543324.209668
1388543324.212281
1388543324.214785
1388543324.217373
1388543324.221189
1388543324.224563
1388543324.230348
1388543324.233069
1388543324.235827
1388543324.238379
1388543324.241699
1388543324.244357
1388543324.246901
1388543324.249460
1388543324.254566
1388543324.260273
1388543324.262999
1388543324.265555
1388543324.268078
1388543324.270692
1388543324.273362
1388543324.276281
1388543324.278766
1388543324.281892
1388543324.286843
1388543324.292842
1388543324.295821
1388543324.323419
1388543324.327755
1388543324.330371
1388543324.332951
1388543324.335729
1388543324.338265
1388543324.340881
1388543324.365465
1388543324.368084
1388543324.370757
1388543324.373837
1388543324.377476
1388543324.381145
1388543324.385530
1388543324.388425
1388543324.391266
1388543324.394221
1388543324.396904
1388543324.399627
1388543324.402708
1388543324.406781
1388543324.432534
1388543324.435520
1388543324.438899
1388543324.441994
1388543324.444728
1388543324.449240
1388543324.452347
1388543324.454789
1388543324.477766
1388543324.493462
1388543324.495335
1388543324.497289
1388543324.499415
1388543324.502424
1388543324.506007
1388543324.543468
1388543324.546086
1388543324.548708
1388543324.551694
1388543324.554486
1388543324.557639
1388543324.561241
1388543324.564759
1388543324.570105
1388543324.572891
1388543324.575910
1388543324.578634
1388543324.581288
1388543324.583977
1388543324.586823
1388543324.589599
1388543324.593889
1388543324.598162
1388543324.602863
1388543324.605818
1388543324.608626
1388543324.611264
1388543324.614018
1388543324.616680
1388543324.619261
1388543324.622389
1388543324.625958
1388543324.631297
1388543324.634130
1388543324.636751
1388543324.657491
1388543324.679296
1388543324.683142
1388543324.687084
1388543324.692343
1388543324.696071
1388543324.698855
1388543324.701518
1388543324.704545
1388543324.707090
1388543324.709924
1388543324.712308
1388543324.716714
1388543324.719734
1388543324.724998
1388543324.727375
1388543324.729991
1388543324.732581
1388543324.735594
1388543324.738159
1388543324.741375
1388543324.745427
1388543324.750456
1388543324.755735
1388543324.758180
1388543324.760537
1388543324.762914
1388543324.765318
1388543324.767559
1388543324.770249
1388543324.773137
1388543324.776341
1388543324.780281
1388543324.785043
1388543324.788831
1388543324.791569
1388543324.794062
1388543324.797583
1388543324.800499
1388543324.803397
1388543324.807135
1388543324.810887
1388543324.813558
1388543324.815941
1388543324.818271
1388543324.821182
1388543324.823791
1388543324.826550
1388543324.831974
1388543324.834846
1388543324.839964
1388543324.843638
1388543324.848563
1388543324.850927
1388543324.853211
1388543324.855849
1388543324.858664
1388543324.861055
1388543324.864143
1388543324.866722
1388543324.871246
1388543324.875514
1388543324.881249
1388543324.883917
1388543324.886572
1388543324.889855
1388543324.919164
1388543324.922509
1388543324.925288
1388543324.927994
1388543324.931236
1388543324.934786
1388543324.940591
1388543324.943240
1388543324.946179
1388543324.948501
1388543324.951086
1388543324.953527
1388543324.956445
1388543324.958775
1388543324.962007
1388543324.965639
1388543324.985393
1388543324.988279
1388543324.991302
1388543324.997126
1388543325.001975
1388543325.005532
1388543325.008138
1388543325.011335
1388543325.014247
1388543325.016707
1388543325.019238
1388543325.043389
1388543325.046303
1388543325.048710
1388543325.051643
1388543325.056524
1388543325.059961
1388543325.064774
1388543325.067070
1388543325.069690
1388543325.072527
1388543325.074722
1388543325.077651
1388543325.079985
1388543325.082244
1388543325.084828
1388543325.088234
1388543325.091150
1388543325.096264
1388543325.098634
1388543325.101588
1388543325.104634
1388543325.107076
1388543325.109567
1388543325.112000
1388543325.114687
1388543325.117725
1388543325.135720
1388543325.138776
1388543325.141244
1388543325.143768
1388543325.146726
1388543325.150299
1388543325.155607
1388543325.158873
1388543325.161573
1388543325.164395
1388543325.198430
1388543325.202318
1388543325.205607
1388543325.209502
1388543325.212913
1388543325.218287
1388543325.221231
1388543325.223879
1388543325.226411
1388543325.228933
1388543325.231621
1388543325.234063
1388543325.236540
1388543325.239662
1388543325.243370
1388543325.248967
1388543325.252129
1388543325.255333
1388543325.258670
1388543325.261661
1388543325.263749
1388543325.266270
1388543325.269228
1388543325.273867
1388543325.279607
1388543325.282895
1388543325.285418
1388543325.288578
1388543325.291432
1388543325.293814
1388543325.296247
1388543325.313318
1388543325.315799
1388543325.318466
1388543325.321154
1388543325.324290
1388543325.327494
1388543325.329936
1388543325.332979
1388543325.358033
1388543325.374877
1388543325.381958
1388543325.388366
1388543325.393712
1388543325.400623
1388543325.405048
1388543325.410659
1388543325.415027
1388543325.418526
1388543325.422376
1388543325.427686
1388543325.432624
1388543325.438581
1388543325.441324
1388543325.443980
1388543325.446087
1388543325.449644
1388543325.454146
1388543325.457459
1388543325.460000
1388543325.462729
1388543325.465051
1388543325.470388
1388543325.472896
1388543325.490197
1388543325.492964
1388543325.497140
1388543325.499075
1388543325.501601
1388543325.504027
1388543325.506145
1388543325.508062
1388543325.510277
1388543325.512180
1388543325.513974
1388543325.516528
1388543325.521709
1388543325.527332
1388543325.530846
1388543325.533512
1388543325.536582
1388543325.539508
1388543325.541763
1388543325.543698
1388543325.545954
1388543325.548378
1388543325.552138
1388543325.555861
1388543325.560002
1388543325.561948
1388543325.564006
1388543325.566269
1388543325.568903
1388543325.571108
1388543325.573147
1388543325.575161
1388543325.577534
1388543325.580562
1388543325.584241
1388543325.588643
1388543325.591111
1388543325.593745
1388543325.630033
1388543325.633995
1388543325.638679
1388543325.640993
1388543325.643078
1388543325.645322
1388543325.647380
1388543325.683597
1388543325.686724
1388543325.688865
1388543325.691696
1388543325.694722
1388543325.699225
1388543325.702212
1388543325.704763
1388543325.706785
1388543325.708783
1388543325.711080
1388543325.713334
1388543325.715536
1388543325.718589
1388543325.721563
1388543325.725102
1388543325.729226
1388543325.733256
1388543325.735930
1388543325.738153
1388543325.740365
1388543325.742653
1388543325.744942
1388543325.747155
1388543325.749824
1388543325.753346
1388543325.756487
1388543325.760539
1388543325.762806
1388543325.765291
1388543325.768016
1388543325.770321
1388543325.774456
1388543325.776818
1388543325.779052
1388543325.782309
1388543325.788420
1388543325.791096
1388543325.793359
1388543325.795802
1388543325.798434
1388543325.804671
1388543325.807404
1388543325.810074
1388543325.813444
1388543325.817633
1388543325.821231
1388543325.823842
1388543325.836852
1388543325.840164
1388543325.842745
1388543325.846319
1388543325.851455
1388543325.854540
1388543325.857141
1388543325.859717
1388543325.862686
1388543325.868136
1388543325.871819
1388543325.874520
1388543325.881372
1388543325.884622
1388543325.887086
1388543325.889522
1388543325.892577
1388543325.896885
1388543325.899590
1388543325.902499
1388543325.905091
1388543325.910207
1388543325.914589
1388543325.917635
1388543325.919959
1388543325.922211
1388543325.924501
1388543325.926730
1388543325.929111
1388543325.931408
1388543325.934336
1388543325.939710
1388543325.944291
1388543325.948645
1388543325.951280
1388543325.953625
1388543325.955951
1388543325.958318
1388543325.960893
1388543325.963148
1388543325.965401
1388543325.968277
1388543325.972142
1388543325.975874
1388543325.979389
1388543325.981684
1388543325.984001
1388543325.986491
1388543326.001841
1388543326.006377
1388543326.021638
1388543326.024369
1388543326.027349
1388543326.032482
1388543326.037687
1388543326.041708
1388543326.044909
1388543326.047593
1388543326.051617
1388543326.054175
1388543326.056672
1388543326.059139
1388543326.061768
1388543326.066609
1388543326.069086
1388543326.071198
1388543326.073363
1388543326.075549
1388543326.077674
1388543326.080423
1388543326.086266
1388543326.088599
1388543326.091934
1388543326.138340
1388543326.141325
1388543326.143673
1388543326.145919
1388543326.148550
1388543326.154407
1388543326.157333
1388543326.160053
1388543326.162567
1388543326.165902
1388543326.168489
1388543326.173674
1388543326.176496
1388543326.179130
1388543326.184526
1388543326.187551
1388543326.189816
1388543326.191831
1388543326.194031
1388543326.196442
1388543326.199061
1388543326.201603
1388543326.206240
1388543326.209009
1388543326.211095
1388543326.214027
1388543326.218526
1388543326.221128
1388543326.223870
1388543326.226388
1388543326.228852
1388543326.230853
1388543326.233706
1388543326.237975
1388543326.240282
1388543326.242918
1388543326.246838
1388543326.249950
1388543326.252717
1388543326.254714
1388543326.256876
1388543326.261049
1388543326.263136
1388543326.266254
1388543326.268602
1388543326.270649
1388543326.276671
1388543326.279744
1388543326.282283
1388543326.285109
1388543326.287383
1388543326.289700
1388543326.295087
1388543326.297507
1388543326.300450
1388543326.304710
1388543326.308051
1388543326.310339
1388543326.312624
1388543326.318386
1388543326.323779
1388543326.326116
1388543326.328165
1388543326.330293
1388543326.332917
1388543326.338563
1388543326.341284
1388543326.343704
1388543326.346295
1388543326.349761
1388543326.369677
1388543326.385789
1388543326.390030
1388543326.403719
1388543326.406426
1388543326.421558
1388543326.424849
1388543326.433069
1388543326.436464
1388543326.469767
1388543326.472655
1388543326.477453
1388543326.480433
1388543326.494789
1388543326.514729
1388543326.519266
1388543326.522136
1388543326.528086
1388543326.531655
1388543326.534676
1388543326.538451
1388543326.542580
1388543326.545554
1388543326.548697
1388543326.551808
1388543326.555666
1388543326.559597
1388543326.563554
1388543326.574496
1388543326.577262
1388543326.580968
1388543326.584410
1388543326.589930
1388543326.622199
1388543326.625596
1388543326.628656
1388543326.671591
1388543326.675022
1388543326.678811
1388543326.684387
1388543326.688141
1388543326.691767
1388543326.694727
1388543326.698949
1388543326.703341
1388543326.706369
1388543326.709868
1388543326.717739
1388543326.721197
1388543326.724167
1388543326.727533
1388543326.733318
1388543326.736133
1388543326.738802
1388543326.742469
1388543326.746952
1388543326.752790
1388543326.756459
1388543326.759568
1388543326.763803
1388543326.767110
1388543326.770345
1388543326.776558
1388543326.781546
1388543326.785459
1388543326.788299
1388543326.790924
1388543326.793638
1388543326.796189
1388543326.798840
1388543326.801785
1388543326.836704
1388543326.842173
1388543326.878344
1388543326.885272
1388543326.888428
1388543326.890981
1388543326.896117
1388543326.900961
1388543326.903809
1388543326.906171
1388543326.909884
1388543326.914352
1388543326.918521
1388543326.921003
1388543326.923461
1388543326.926472
1388543326.929972
1388543326.932542
1388543326.935458
1388543326.938837
1388543326.942381
1388543326.947318
1388543326.949803
1388543326.952556
1388543326.968159
1388543326.972355
1388543326.977108
1388543326.980559
1388543327.003314
1388543327.008719
1388543327.011934
1388543327.014574
1388543327.017201
1388543327.020126
1388543327.022670
1388543327.032545
1388543327.036051
1388543327.040930
1388543327.044652
1388543327.047534
1388543327.050669
1388543327.053330
1388543327.055831
1388543327.058350
1388543327.061036
1388543327.065018
1388543327.107585
1388543327.113615
1388543327.118781
1388543327.121940
1388543327.124764
1388543327.128475
1388543327.131167
1388543327.133846
1388543327.136496
1388543327.155224
1388543327.157893
1388543327.160435
1388543327.163407
1388543327.166018
1388543327.168845
1388543327.173269
1388543327.177791
1388543327.181510
1388543327.184004
1388543327.186460
1388543327.188957
1388543327.191627
1388543327.194226
1388543327.196935
1388543327.199474
1388543327.203392
1388543327.217140
1388543327.219704
1388543327.222466
1388543327.225041
1388543327.227951
1388543327.230652
1388543327.234254
1388543327.237607
1388543327.242797
1388543327.245757
1388543327.248328
1388543327.250841
1388543327.253540
1388543327.256011
1388543327.258356
1388543327.261199
1388543327.264478
1388543327.268029
1388543327.273552
1388543327.276292
1388543327.279243
1388543327.281680
1388543327.284165
1388543327.286662
1388543327.289170
1388543327.291737
1388543327.294609
1388543327.297927
1388543327.303027
1388543327.305670
1388543327.308462
1388543327.311587
1388543327.314318
1388543327.316833
1388543327.319335
1388543327.321728
1388543327.328272
1388543327.332761
1388543327.337383
1388543327.340068
1388543327.342823
1388543327.345660
1388543327.348220
1388543327.350652
1388543327.353207
1388543327.356130
1388543327.359765
1388543327.364553
1388543327.367377
1388543327.369837
1388543327.372299
1388543327.375155
1388543327.378123
1388543327.380609
1388543327.383102
1388543327.387991
1388543327.392513
1388543327.397182
1388543327.399813
1388543327.402269
1388543327.404671
1388543327.406924
1388543327.409485
1388543327.424696
1388543327.428383
1388543327.434636
1388543327.441157
1388543327.446247
1388543327.449891
1388543327.453512
1388543327.461519
1388543327.464527
1388543327.467323
1388543327.470011
1388543327.475467
1388543327.478806
1388543327.482053
1388543327.485025
1388543327.488899
1388543327.492995
1388543327.497809
1388543327.500801
1388543327.503842
1388543327.506439
1388543327.509124
1388543327.512073
1388543327.514671
1388543327.517931
1388543327.521746
1388543327.526687
1388543327.529932
1388543327.532626
1388543327.535124
1388543327.537871
1388543327.540870
1388543327.544122
1388543327.546620
1388543327.556048
1388543327.559775
1388543327.562480
1388543327.565065
1388543327.568117
1388543327.570817
1388543327.573774
1388543327.576618
1388543327.581210
1388543327.585534
1388543327.589517
1388543327.592186
1388543327.595216
1388543327.597812
1388543327.600635
1388543327.603233
1388543327.605883
1388543327.610083
1388543327.614181
1388543327.619722
1388543327.622474
1388543327.625765
1388543327.628612
1388543327.631372
1388543327.633945
1388543327.636456
1388543327.639612
1388543327.643178
1388543327.649322
1388543327.653103
1388543327.655557
1388543327.658082
1388543327.661445
1388543327.664117
1388543327.666977
1388543327.670538
1388543327.674608
1388543327.680039
1388543327.683029
1388543327.685472
1388543327.688048
1388543327.690802
1388543327.693764
1388543327.696661
1388543327.720902
1388543327.723719
1388543327.726979
1388543327.729791
1388543327.735258
1388543327.741302
1388543327.744048
1388543327.746701
1388543327.749327
1388543327.752047
1388543327.754614
1388543327.758332
1388543327.761212
1388543327.765821
1388543327.771040
1388543327.774500
1388543327.777605
1388543327.780323
1388543327.782875
1388543327.785517
1388543327.788105
1388543327.790798
1388543327.795660
1388543327.799344
1388543327.804012
1388543327.806663
1388543327.809994
1388543327.812934
1388543327.815881
1388543327.831931
1388543327.838228
1388543327.841164
1388543327.844925
1388543327.847912
1388543327.850416
1388543327.855203
1388543327.860986
1388543327.864170
1388543327.866881
1388543327.869970
1388543327.873794
1388543327.878744
1388543327.882068
1388543327.886873
1388543327.891694
1388543327.898082
1388543327.901338
1388543327.904615
1388543327.907470
1388543327.910795
1388543327.914720
1388543327.920323
1388543327.924151
1388543327.927624
1388543327.930278
1388543327.935799
1388543327.939354
1388543327.943021
1388543327.948965
1388543327.953976
1388543327.958331
1388543327.961409
1388543327.968364
1388543327.971950
1388543327.975579
1388543327.980520
1388543327.986189
1388543327.990124
1388543327.993444
1388543327.996843
1388543328.000067
1388543328.002971
1388543328.008302
1388543328.014073
1388543328.017219
1388543328.019823
1388543328.022660
1388543328.026398
1388543328.031175
1388543328.034032
1388543328.036486
1388543328.039605
1388543328.046213
1388543328.049161
1388543328.051764
1388543328.054246
1388543328.056866
1388543328.060323
1388543328.065451
1388543328.072057
1388543328.077537
1388543328.080359
1388543328.083221
1388543328.086176
1388543328.088745
1388543328.093878
1388543328.096774
1388543328.099445
1388543328.104934
1388543328.110140
1388543328.125939
1388543328.128951
1388543328.131603
1388543328.176737
1388543328.179434
1388543328.185252
1388543328.187785
1388543328.190433
1388543328.193810
1388543328.197778
1388543328.202907
1388543328.206112
1388543328.209133
1388543328.211965
1388543328.215307
1388543328.217644
1388543328.220345
1388543328.222849
1388543328.227798
1388543328.232493
1388543328.236030
1388543328.238858
1388543328.242296
1388543328.245110
1388543328.247602
1388543328.250160
1388543328.252675
1388543328.255732
1388543328.260658
1388543328.266601
1388543328.269273
1388543328.271920
1388543328.275009
1388543328.277733
1388543328.280425
1388543328.283954
1388543328.287376
1388543328.291503
1388543328.296275
1388543328.299401
1388543328.301840
1388543328.304418
1388543328.307375
1388543328.309805
1388543328.312277
1388543328.314694
1388543328.317621
1388543328.322681
1388543328.327858
1388543328.330466
1388543328.333035
1388543328.335826
1388543328.338833
1388543328.342168
1388543328.345433
1388543328.372832
1388543328.378640
1388543328.382628
1388543328.386106
1388543328.391042
1388543328.394469
1388543328.397773
1388543328.400197
1388543328.402841
1388543328.405331
1388543328.408226
1388543328.410699
1388543328.414772
1388543328.418415
1388543328.423718
1388543328.426326
1388543328.428968
1388543328.431333
1388543328.433694
1388543328.436189
1388543328.438858
1388543328.441671
1388543328.476296
1388543328.479286
1388543328.481742
1388543328.484715
1388543328.489521
1388543328.492075
1388543328.494513
1388543328.497115
1388543328.499772
1388543328.502250
1388543328.528257
1388543328.530777
1388543328.533253
1388543328.538072
1388543328.541709
1388543328.546267
1388543328.548792
1388543328.551108
1388543328.564232
1388543328.576679
1388543328.580546
1388543328.585684
1388543328.588839
1388543328.591466
1388543328.593941
1388543328.596462
1388543328.598998
1388543328.601552
1388543328.604020
1388543328.607207
1388543328.612308
1388543328.617694
1388543328.620307
1388543328.623284
1388543328.625820
1388543328.628504
1388543328.631163
1388543328.633988
1388543328.639607
1388543328.642548
1388543328.648072
1388543328.650998
1388543328.653854
1388543328.656994
1388543328.659584
1388543328.661816
1388543328.664314
1388543328.667090
1388543328.670928
1388543328.675488
1388543328.679202
1388543328.681717
1388543328.684260
1388543328.686503
1388543328.689100
1388543328.691385
1388543328.693633
1388543328.696293
1388543328.699659
1388543328.702749
1388543328.708179
1388543328.710516
1388543328.713806
1388543328.716165
1388543328.718397
1388543328.721413
1388543328.723872
1388543328.726175
1388543328.729924
1388543328.732849
1388543328.738156
1388543328.741162
1388543328.745174
1388543328.772609
1388543328.777285
1388543328.781561
1388543328.784130
1388543328.786459
1388543328.792236
1388543328.795566
1388543328.799677
1388543328.801983
1388543328.804754
1388543328.806979
1388543328.809497
1388543328.811708
1388543328.814123
1388543328.816746
1388543328.819880
1388543328.824822
1388543328.830037
1388543328.832437
1388543328.835000
1388543328.837701
1388543328.840019
1388543328.842047
1388543328.844615
1388543328.847614
1388543328.850678
1388543328.854734
1388543328.859756
1388543328.862141
1388543328.864865
1388543328.867173
1388543328.869493
1388543328.872107
1388543328.874586
1388543328.876992
1388543328.879345
1388543328.885038
1388543328.890158
1388543328.892527
1388543328.894980
1388543328.897367
1388543328.899686
1388543328.902221
1388543328.904817
1388543328.907389
1388543328.909681
1388543328.912643
1388543328.915591
1388543328.920589
1388543328.923042
1388543328.925403
1388543328.927414
1388543328.929425
1388543328.931388
1388543328.933312
1388543328.935204
1388543328.937551
1388543328.939592
1388543328.942245
1388543328.945442
1388543328.949307
1388543328.952148
1388543328.954801
1388543328.957091
1388543328.959437
1388543328.961732
1388543328.963977
1388543328.966207
1388543328.968612
1388543328.970665
1388543328.988199
1388543328.998406
1388543329.000940
1388543329.006222
1388543329.010081
1388543329.014560
1388543329.016567
1388543329.018553
1388543329.021339
1388543329.023779
1388543329.026102
1388543329.028554
1388543329.030536
1388543329.032971
1388543329.036946
1388543329.039935
1388543329.062948
1388543329.066618
1388543329.070203
1388543329.076264
1388543329.078842
1388543329.081604
1388543329.084690
1388543329.087027
1388543329.089085
1388543329.091772
1388543329.093737
1388543329.096670
1388543329.099922
1388543329.104280
1388543329.106982
1388543329.109361
1388543329.111368
1388543329.113584
1388543329.115973
1388543329.118404
1388543329.120747
1388543329.123004
1388543329.125079
1388543329.128669
1388543329.131550
1388543329.135881
1388543329.138759
1388543329.140900
1388543329.143114
1388543329.145240
1388543329.147486
1388543329.149747
1388543329.152159
1388543329.154442
1388543329.157045
1388543329.160983
1388543329.164147
1388543329.167452
1388543329.169686
1388543329.172185
1388543329.174525
1388543329.176580
1388543329.179465
1388543329.182397
1388543329.184976
1388543329.188428
1388543329.192205
1388543329.196994
1388543329.199662
1388543329.202490
1388543329.205321
1388543329.207787
1388543329.210259
1388543329.213456
1388543329.216686
1388543329.222244
1388543329.226403
1388543329.229996
1388543329.232128
1388543329.234103
1388543329.236410
1388543329.238351
1388543329.240390
1388543329.242367
1388543329.244397
1388543329.246444
1388543329.251183
1388543329.254610
1388543329.258761
1388543329.261491
1388543329.263712
1388543329.266149
1388543329.268974
1388543329.271435
1388543329.273997
1388543329.276454
1388543329.281636
1388543329.285053
1388543329.288312
1388543329.290569
1388543329.308939
1388543329.313053
1388543329.318070
1388543329.321436
1388543329.324127
1388543329.326675
1388543329.329312
1388543329.331861
1388543329.334782
1388543329.337855
1388543329.341334
1388543329.344918
1388543329.350487
1388543329.355434
1388543329.358012
1388543329.360609
1388543329.385085
1388543329.387497
1388543329.390182
1388543329.392449
1388543329.395072
1388543329.397356
1388543329.400034
1388543329.405069
1388543329.408167
1388543329.428728
1388543329.431470
1388543329.435295
1388543329.439307
1388543329.443483
1388543329.445755
1388543329.448226
1388543329.450832
1388543329.453655
1388543329.456304
1388543329.458918
1388543329.461405
1388543329.465439
1388543329.469004
1388543329.475038
1388543329.478715
1388543329.482039
1388543329.485230
1388543329.489414
1388543329.492474
1388543329.495506
1388543329.499014
1388543329.502589
1388543329.507411
1388543329.510700
1388543329.513221
1388543329.515569
1388543329.518428
1388543329.520884
1388543329.523316
1388543329.526343
1388543329.530310
1388543329.534792
1388543329.537582
1388543329.539901
1388543329.542323
1388543329.544755
1388543329.547020
1388543329.549419
1388543329.552518
1388543329.554964
1388543329.558548
1388543329.562066
1388543329.565885
1388543329.568700
1388543329.571378
1388543329.574350
1388543329.576722
1388543329.579143
1388543329.581484
1388543329.583805
1388543329.586700
1388543329.589841
1388543329.594562
1388543329.597310
1388543329.600036
1388543329.602584
1388543329.605300
1388543329.607658
1388543329.621426
1388543329.624523
1388543329.629017
1388543329.631337
1388543329.634838
1388543329.637349
1388543329.639718
1388543329.642133
1388543329.644541
1388543329.661276
1388543329.664262
1388543329.667636
1388543329.670055
1388543329.672754
1388543329.675364
1388543329.677995
1388543329.681313
1388543329.685393
1388543329.690531
1388543329.722941
1388543329.725650
1388543329.728131
1388543329.746937
1388543329.751555
1388543329.754642
1388543329.757371
1388543329.760013
1388543329.763186
1388543329.765822
1388543329.768864
1388543329.770825
1388543329.772940
1388543329.778285
1388543329.781757
1388543329.784847
1388543329.786733
1388543329.788737
1388543329.790749
1388543329.792854
1388543329.794824
1388543329.796827
1388543329.798845
1388543329.801008
1388543329.802981
1388543329.807834
1388543329.810116
1388543329.813755
1388543329.816242
1388543329.818180
1388543329.820108
1388543329.821969
1388543329.823891
1388543329.825865
1388543329.827799
1388543329.829703
1388543329.831674
1388543329.833596
1388543329.835970
1388543329.838905
1388543329.842389
