--------------------------------
Statistics for fault 1:
Tests which expose this fault: 
	2396 2475 2485 2535 2537 2538 2539 
Percentage of tests which expose this fault is 0.26415 %
--------------------------------
Statistics for fault 2:
Tests which expose this fault: 
	5 17 19 21 33 35 55 67 72 77 
	82 85 104 107 109 117 122 153 154 165 
	167 178 185 214 222 255 259 260 261 613 
	616 619 622 634 644 659 668 680 682 687 
	725 730 741 742 781 783 787 792 793 818 
	824 828 847 848 849 854 865 871 878 882 
	884 894 895 902 903 916 920 926 931 932 
	938 946 954 966 968 996 1008 1010 1014 1020 
	1021 1029 1030 1044 1045 1046 1047 1055 1057 1061 
	1070 1091 1104 1127 1131 1150 1167 1168 1173 1175 
	1178 1185 1187 1197 1199 1204 1207 1213 1215 1228 
	1233 1244 1252 1259 1260 1271 1274 1283 1289 1291 
	1294 1303 1309 1315 1319 1340 1346 1349 1356 1370 
	1433 1444 1454 1464 1479 1558 1561 1571 1702 1867 
	1868 1873 1890 1891 1906 1908 1912 1916 1918 1933 
	1941 1949 1953 1965 1970 1985 2001 2006 2017 2030 
	2050 2063 2065 2073 2088 2127 2137 2144 2154 2156 
	2162 2169 2177 2184 2185 2192 2200 2225 2231 2234 
	2241 2245 2272 2273 2279 2288 2291 2292 2300 2309 
	2315 2316 2319 2321 2347 2360 2424 2468 2555 2556 
	2557 2561 2589 2590 2594 2617 2618 2621 2628 2644 
Percentage of tests which expose this fault is 7.92453 %
--------------------------------
Statistics for fault 3:
Tests which expose this fault: 
	30 87 99 106 117 118 119 135 158 223 
	238 245 306 356 398 411 444 445 450 460 
	469 500 503 553 570 576 588 602 615 621 
	630 651 652 661 675 705 709 712 733 737 
	745 763 772 774 787 791 813 824 834 835 
	836 851 870 873 875 877 879 885 904 922 
	926 927 932 939 962 966 975 976 1008 1025 
	1037 1062 1070 1083 1089 1113 1114 1122 1129 1132 
	1134 1135 1146 1157 1162 1167 1169 1188 1237 1241 
	1248 1260 1268 1280 1281 1308 1314 1327 1333 1341 
	1349 1350 1355 1357 1360 1366 1380 1389 1398 1695 
	1696 1705 1757 1873 1879 1883 1913 1918 1943 1949 
	1977 1992 1999 2002 2004 2005 2013 2020 2022 2035 
	2041 2059 2075 2082 2107 2127 2147 2169 2177 2189 
	2200 2202 2204 2221 2226 2227 2229 2290 2291 2296 
	2309 2345 2359 2360 2423 2553 2554 2558 2619 
Percentage of tests which expose this fault is 6.00000 %
--------------------------------
Statistics for fault 4:
Tests which expose this fault: 
	15 17 33 35 45 52 67 76 99 104 
	106 177 251 609 615 619 621 630 635 636 
	648 650 652 670 675 676 683 688 693 699 
	701 705 717 718 722 723 726 737 741 742 
	743 747 758 771 780 781 790 802 803 807 
	813 817 820 823 828 829 831 836 843 849 
	853 865 869 871 874 875 878 879 880 884 
	885 889 895 900 902 903 905 906 915 916 
	918 919 920 922 924 926 927 929 935 941 
	953 957 960 962 963 966 973 975 981 991 
	993 999 1002 1004 1005 1008 1009 1014 1026 1031 
	1032 1041 1046 1047 1056 1058 1060 1061 1063 1070 
	1083 1091 1110 1111 1114 1115 1116 1122 1123 1127 
	1129 1134 1143 1145 1146 1147 1149 1157 1167 1168 
	1169 1176 1181 1183 1184 1204 1207 1210 1212 1214 
	1219 1220 1222 1232 1233 1234 1237 1241 1248 1252 
	1255 1257 1258 1259 1260 1270 1271 1273 1278 1280 
	1290 1291 1294 1300 1302 1303 1304 1309 1317 1320 
	1323 1327 1331 1345 1349 1355 1357 1359 1362 1363 
	1364 1371 1374 1380 1384 1387 1389 1391 1686 1687 
	1688 1692 1693 1694 1695 1705 1711 1721 1744 1745 
	1746 1747 1750 1754 1755 1757 1758 1868 1873 1882 
	1891 1903 1904 1905 1911 1920 1922 1923 1927 1949 
	1957 1959 1964 1980 1985 1992 1993 2013 2019 2028 
	2030 2040 2046 2049 2065 2074 2086 2103 2119 2127 
	2147 2160 2181 2182 2184 2190 2207 2224 2241 2256 
	2258 2262 2273 2274 2277 2285 2287 2291 2292 2297 
	2303 2309 2315 2316 2319 2338 2345 2352 2360 2419 
	2420 2423 2460 2553 2554 2555 2556 2558 2561 2566 
	2567 2572 2593 2641 
Percentage of tests which expose this fault is 11.09434 %
--------------------------------
Statistics for fault 5:
Tests which expose this fault: 
	1933 1984 2398 2410 2412 2439 2440 2441 2442 2443 
	2444 2445 2446 2467 2475 2485 2534 2577 2578 2580 
	2581 2582 2583 2584 2585 2586 2587 2588 2616 2617 
	2619 2621 2625 2628 2631 2639 2641 2642 2643 2648 
	2649 
Percentage of tests which expose this fault is 1.54717 %
--------------------------------
Statistics for fault 6:
Tests which expose this fault: 
	2396 2475 2485 2535 2537 2538 2539 
Percentage of tests which expose this fault is 0.26415 %
--------------------------------
Statistics for fault 7:
Tests which expose this fault: 
	2398 2410 2412 2577 2591 2592 2593 2594 2595 2596 
	2598 2602 2603 2607 2608 2609 2611 2613 2614 2615 
	2616 2617 2619 2639 2641 2648 2649 
Percentage of tests which expose this fault is 1.01887 %
--------------------------------
Statistics for fault 8:
Tests which expose this fault: 
	15 76 99 251 718 834 871 879 895 952 
	1002 1020 1041 1129 1168 1169 1176 1196 1207 1241 
	1304 1329 1688 1757 1904 2200 2262 2360 2418 2571 
	2641 
Percentage of tests which expose this fault is 1.16981 %
--------------------------------
Statistics for fault 9:
Tests which expose this fault: 
	1402 2451 2452 2453 2454 2455 2456 2457 2458 2522 
	2523 2524 2525 2526 2527 2543 2544 2546 2548 2549 
	2550 2551 2552 
Percentage of tests which expose this fault is 0.86792 %
--------------------------------

