1608
40
1388541818.452365
1388541818.474439
1388541818.476846
1388541818.480409
1388541818.484236
1388541818.487605
1388541818.489879
1388541818.492280
1388541818.494861
1388541818.497276
1388541818.499664
1388541818.501981
1388541818.504283
1388541818.506704
1388541818.509194
1388541818.511651
1388541818.514666
1388541818.517725
1388541818.521898
1388541818.525218
1388541818.528073
1388541818.530425
1388541818.533446
1388541818.536033
1388541818.538326
1388541818.540696
1388541818.543311
1388541818.546792
1388541818.549684
1388541818.553344
1388541818.556720
1388541818.559096
1388541818.562269
1388541818.564593
1388541818.566736
1388541818.569001
1388541818.571195
1388541818.573456
1388541818.578208
1388541818.582091
1388541818.585383
1388541818.587545
1388541818.589580
1388541818.591665
1388541818.594225
1388541818.596411
1388541818.598568
1388541818.600608
1388541818.602646
1388541818.605399
1388541818.609221
1388541818.613064
1388541818.616918
1388541818.619065
1388541818.621252
1388541818.623354
1388541818.625401
1388541818.627876
1388541818.630013
1388541818.632168
1388541818.634250
1388541818.636969
1388541818.640070
1388541818.644519
1388541818.647869
1388541818.649968
1388541818.652171
1388541818.654182
1388541818.656334
1388541818.658426
1388541818.660784
1388541818.662833
1388541818.665224
1388541818.668766
1388541818.671594
1388541818.676011
1388541818.679072
1388541818.681329
1388541818.683491
1388541818.685540
1388541818.687603
1388541818.689638
1388541818.691817
1388541818.694276
1388541818.696638
1388541818.699982
1388541818.703525
1388541818.707249
1388541818.709757
1388541818.711988
1388541818.714014
1388541818.716129
1388541818.718106
1388541818.720190
1388541818.722546
1388541818.724727
1388541818.728545
1388541818.731711
1388541818.736642
1388541818.738802
1388541818.740861
1388541818.743464
1388541818.745595
1388541818.747693
1388541818.749732
1388541818.751769
1388541818.753854
1388541818.755941
1388541818.760588
1388541818.763937
1388541818.768383
1388541818.770604
1388541818.773140
1388541818.775348
1388541818.777983
1388541818.780066
1388541818.782104
1388541818.784259
1388541818.786357
1388541818.788717
1388541818.791935
1388541818.797249
1388541818.799560
1388541818.801628
1388541818.803863
1388541818.805967
1388541818.808037
1388541818.810544
1388541818.812723
1388541818.814883
1388541818.816997
1388541818.821231
1388541818.824723
1388541818.829488
1388541818.831813
1388541818.833941
1388541818.836100
1388541818.838226
1388541818.840296
1388541818.842722
1388541818.844948
1388541818.846975
1388541818.851871
1388541818.856017
1388541818.859989
1388541818.862165
1388541818.864312
1388541818.866350
1388541818.868368
1388541818.870459
1388541818.872615
1388541818.874753
1388541818.877611
1388541818.881123
1388541818.884928
1388541818.890005
1388541818.892927
1388541818.895313
1388541818.897609
1388541818.899844
1388541818.902034
1388541818.904144
1388541818.906165
1388541818.908207
1388541818.911098
1388541818.914486
1388541818.919884
1388541818.922550
1388541818.924739
1388541818.927351
1388541818.929719
1388541818.931933
1388541818.934172
1388541818.936278
1388541818.938560
1388541818.941622
1388541818.944690
1388541818.949253
1388541818.952463
1388541818.954541
1388541818.956728
1388541818.959390
1388541818.961548
1388541818.963555
1388541818.965692
1388541818.967780
1388541818.969882
1388541818.972923
1388541818.976022
1388541818.980697
1388541818.982857
1388541818.985037
1388541818.987091
1388541818.989228
1388541818.991697
1388541818.993892
1388541818.996063
1388541818.998178
1388541819.000332
1388541819.004142
1388541819.007019
1388541819.011751
1388541819.013879
1388541819.015967
1388541819.018102
1388541819.020234
1388541819.022377
1388541819.024696
1388541819.027058
1388541819.029158
1388541819.031523
1388541819.034275
1388541819.037292
1388541819.041943
1388541819.044265
1388541819.046408
1388541819.048983
1388541819.051204
1388541819.053283
1388541819.055455
1388541819.057640
1388541819.060299
1388541819.062408
1388541819.065353
1388541819.068445
1388541819.073169
1388541819.075673
1388541819.077794
1388541819.079916
1388541819.081988
1388541819.084113
1388541819.086133
1388541819.088145
1388541819.090257
1388541819.092362
1388541819.095475
1388541819.099093
1388541819.104568
1388541819.107504
1388541819.110394
1388541819.112976
1388541819.115375
1388541819.117504
1388541819.119625
1388541819.121688
1388541819.123855
1388541819.127836
1388541819.131324
1388541819.135273
1388541819.137331
1388541819.139479
1388541819.142055
1388541819.144249
1388541819.146276
1388541819.148355
1388541819.150458
1388541819.152603
1388541819.154646
1388541819.157488
1388541819.160336
1388541819.164816
1388541819.167960
1388541819.169994
1388541819.172036
1388541819.174475
1388541819.176728
1388541819.178802
1388541819.180846
1388541819.183043
1388541819.185190
1388541819.188281
1388541819.191279
1388541819.196046
1388541819.198182
1388541819.200258
1388541819.202331
1388541819.204442
1388541819.206503
1388541819.209210
1388541819.211269
1388541819.213379
1388541819.215509
1388541819.218903
1388541819.221969
1388541819.226913
1388541819.229118
1388541819.231208
1388541819.233259
1388541819.235362
1388541819.237440
1388541819.239577
1388541819.242245
1388541819.244557
1388541819.246632
1388541819.250831
1388541819.253892
1388541819.258342
1388541819.260467
1388541819.262482
1388541819.264554
1388541819.266543
1388541819.268573
1388541819.270790
1388541819.272934
1388541819.275454
1388541819.277602
1388541819.282397
1388541819.286161
1388541819.289407
1388541819.291919
1388541819.294034
1388541819.296052
1388541819.298069
1388541819.300171
1388541819.302221
1388541819.304277
1388541819.306448
1388541819.308770
1388541819.313542
1388541819.317316
1388541819.320500
1388541819.322536
1388541819.324939
1388541819.327056
1388541819.329203
1388541819.331269
1388541819.333449
1388541819.335555
1388541819.337583
1388541819.339923
1388541819.343235
1388541819.346062
1388541819.350363
1388541819.352706
1388541819.354729
1388541819.357246
1388541819.359394
1388541819.361502
1388541819.363556
1388541819.365647
1388541819.367710
1388541819.369742
1388541819.372293
1388541819.375332
1388541819.378040
1388541819.382742
1388541819.384997
1388541819.387020
1388541819.389220
1388541819.391714
1388541819.393941
1388541819.396197
1388541819.398257
1388541819.400404
1388541819.403918
1388541819.407259
1388541819.411631
1388541819.414111
1388541819.416252
1388541819.418304
1388541819.420481
1388541819.422563
1388541819.424974
1388541819.427045
1388541819.429200
1388541819.431336
1388541819.433801
1388541819.437160
1388541819.441806
1388541819.444687
1388541819.446762
1388541819.448892
1388541819.450934
1388541819.453148
1388541819.455485
1388541819.458149
1388541819.460258
1388541819.462315
1388541819.464706
1388541819.467770
1388541819.472141
1388541819.475865
1388541819.478538
1388541819.480959
1388541819.483282
1388541819.487602
1388541819.490668
1388541819.492816
1388541819.495485
1388541819.498580
1388541819.501692
1388541819.506183
1388541819.508296
1388541819.510359
1388541819.512398
1388541819.514408
1388541819.516597
1388541819.518998
1388541819.521139
1388541819.523546
1388541819.528803
1388541819.532564
1388541819.536314
1388541819.538607
1388541819.541202
1388541819.543234
1388541819.545191
1388541819.547117
1388541819.549107
1388541819.551369
1388541819.553390
1388541819.555418
1388541819.558906
1388541819.561886
1388541819.566529
1388541819.568842
1388541819.570923
1388541819.573375
1388541819.575419
1388541819.577429
1388541819.579508
1388541819.581674
1388541819.583956
1388541819.586435
1388541819.589202
1388541819.592458
1388541819.596833
1388541819.600311
1388541819.602706
1388541819.605103
1388541819.607731
1388541819.609934
1388541819.612128
1388541819.614828
1388541819.617805
1388541819.621392
1388541819.624537
1388541819.630357
1388541819.633533
1388541819.636179
1388541819.639012
1388541819.641579
1388541819.643879
1388541819.646171
1388541819.652149
1388541819.659154
1388541819.661667
1388541819.664810
1388541819.668188
1388541819.670955
1388541819.673742
1388541819.676146
1388541819.679956
1388541819.684259
1388541819.689958
1388541819.692835
1388541819.695173
1388541819.697669
1388541819.700087
1388541819.702849
1388541819.707515
1388541819.711710
1388541819.715816
1388541819.719412
1388541819.721901
1388541819.724359
1388541819.731294
1388541819.733882
1388541819.736232
1388541819.739905
1388541819.745811
1388541819.751234
1388541819.753884
1388541819.757006
1388541819.759986
1388541819.762574
1388541819.765250
1388541819.767535
1388541819.770376
1388541819.774779
1388541819.778914
1388541819.783658
1388541819.786692
1388541819.789832
1388541819.792659
1388541819.795275
1388541819.797620
1388541819.800200
1388541819.802639
1388541819.806973
1388541819.811856
1388541819.815756
1388541819.823084
1388541819.825550
1388541819.829765
1388541819.833167
1388541819.836273
1388541819.838874
1388541819.840950
1388541819.843581
1388541819.848534
1388541819.850717
1388541819.852908
1388541819.855397
1388541819.857413
1388541819.859530
1388541819.861602
1388541819.864915
1388541819.868183
1388541819.872488
1388541819.874519
1388541819.876616
1388541819.878767
1388541819.880807
1388541819.882819
1388541819.885114
1388541819.887218
1388541819.889539
1388541819.891707
1388541819.894082
1388541819.897450
1388541819.900443
1388541819.904353
1388541819.906532
1388541819.908886
1388541819.910946
1388541819.913002
1388541819.915067
1388541819.917174
1388541819.919164
1388541819.921748
1388541819.924317
1388541819.927754
1388541819.931833
1388541819.935161
1388541819.937685
1388541819.939974
1388541819.942102
1388541819.944153
1388541819.946180
1388541819.948251
1388541819.951059
1388541819.953226
1388541819.956672
1388541819.960089
1388541819.964727
1388541819.966858
1388541819.968925
1388541819.971428
1388541819.973489
1388541819.975713
1388541819.977785
1388541819.979889
1388541819.981938
1388541819.984199
1388541819.987667
1388541819.990733
1388541819.994920
1388541819.997480
1388541819.999509
1388541820.001530
1388541820.004061
1388541820.006198
1388541820.008260
1388541820.010282
1388541820.012385
1388541820.014401
1388541820.016892
1388541820.020100
1388541820.023674
1388541820.026942
1388541820.029125
1388541820.031143
1388541820.033231
1388541820.035268
1388541820.038153
1388541820.040553
1388541820.042640
1388541820.044778
1388541820.047637
1388541820.051709
1388541820.055777
1388541820.058571
1388541820.060721
1388541820.062826
1388541820.064889
1388541820.066961
1388541820.069095
1388541820.071546
1388541820.073560
1388541820.075779
1388541820.078511
1388541820.081858
1388541820.085824
1388541820.089217
1388541820.091316
1388541820.093354
1388541820.095432
1388541820.097569
1388541820.099741
1388541820.101898
1388541820.104391
1388541820.106445
1388541820.109166
1388541820.112471
1388541820.116357
1388541820.119395
1388541820.121946
1388541820.124018
1388541820.126002
1388541820.128085
1388541820.130134
1388541820.132309
1388541820.134354
1388541820.136453
1388541820.139264
1388541820.142692
1388541820.147120
1388541820.149802
1388541820.151939
1388541820.154392
1388541820.156499
1388541820.158535
1388541820.160585
1388541820.162606
1388541820.165035
1388541820.167108
1388541820.169629
1388541820.172717
1388541820.176912
1388541820.179604
1388541820.181729
1388541820.184154
1388541820.186522
1388541820.188822
1388541820.190801
1388541820.192836
1388541820.194980
1388541820.197110
1388541820.199662
1388541820.203004
1388541820.207191
1388541820.210762
1388541820.212984
1388541820.215157
1388541820.217251
1388541820.219705
1388541820.222136
1388541820.224335
1388541820.226431
1388541820.228566
1388541820.231523
1388541820.234749
1388541820.239032
1388541820.242334
1388541820.244503
1388541820.246553
1388541820.248652
1388541820.250690
1388541820.253457
1388541820.255800
1388541820.257914
1388541820.260077
1388541820.264003
1388541820.267463
1388541820.271366
1388541820.273474
1388541820.275652
1388541820.277727
1388541820.279721
1388541820.281673
1388541820.283720
1388541820.286013
1388541820.288169
1388541820.290279
1388541820.294718
1388541820.297753
1388541820.302584
1388541820.304911
1388541820.307023
1388541820.309198
1388541820.311189
1388541820.313192
1388541820.315131
1388541820.317427
1388541820.319545
1388541820.322360
1388541820.325804
1388541820.329993
1388541820.333478
1388541820.336097
1388541820.338327
1388541820.340585
1388541820.342751
1388541820.344830
1388541820.346897
1388541820.349052
1388541820.351238
1388541820.354018
1388541820.357149
1388541820.361596
1388541820.364644
1388541820.366742
1388541820.369055
1388541820.371282
1388541820.373424
1388541820.375779
1388541820.377801
1388541820.380031
1388541820.382263
1388541820.385010
1388541820.388470
1388541820.393534
1388541820.395932
1388541820.398065
1388541820.400172
1388541820.402588
1388541820.404679
1388541820.406832
1388541820.409130
1388541820.411591
1388541820.414661
1388541820.418329
1388541820.422592
1388541820.426212
1388541820.428312
1388541820.430386
1388541820.432573
1388541820.434707
1388541820.437228
1388541820.439255
1388541820.441345
1388541820.443659
1388541820.446971
1388541820.449670
1388541820.453806
1388541820.457004
1388541820.459105
1388541820.461236
1388541820.463286
1388541820.488216
1388541820.490605
1388541820.493019
1388541820.495387
1388541820.497886
1388541820.500162
1388541820.502755
1388541820.505188
1388541820.508922
1388541820.511932
1388541820.516889
1388541820.519667
1388541820.521888
1388541820.524115
1388541820.526229
1388541820.528376
1388541820.530500
1388541820.532622
1388541820.534697
1388541820.537589
1388541820.541287
1388541820.545110
1388541820.548879
1388541820.551242
1388541820.553771
1388541820.555962
1388541820.558069
1388541820.560227
1388541820.562562
1388541820.564783
1388541820.567528
1388541820.570786
1388541820.574783
1388541820.577858
1388541820.580134
1388541820.582265
1388541820.584803
1388541820.587195
1388541820.589297
1388541820.591691
1388541820.593717
1388541820.595784
1388541820.598231
1388541820.601519
1388541820.604814
1388541820.609090
1388541820.611279
1388541820.613258
1388541820.615431
1388541820.618184
1388541820.620470
1388541820.622713
1388541820.625032
1388541820.630141
1388541820.634828
1388541820.637202
1388541820.639485
1388541820.641762
1388541820.644451
1388541820.648837
1388541820.651394
1388541820.653443
1388541820.655442
1388541820.657375
1388541820.659850
1388541820.663184
1388541820.667185
1388541820.670005
1388541820.671979
1388541820.673914
1388541820.675901
1388541820.677909
1388541820.679901
1388541820.681820
1388541820.684138
1388541820.686220
1388541820.688330
1388541820.690721
1388541820.693770
1388541820.697696
1388541820.700690
1388541820.702681
1388541820.704839
1388541820.706843
1388541820.708892
1388541820.710851
1388541820.712935
1388541820.714885
1388541820.717058
1388541820.719801
1388541820.723756
1388541820.726693
1388541820.730654
1388541820.732692
1388541820.735026
1388541820.737056
1388541820.739033
1388541820.741075
1388541820.743102
1388541820.745178
1388541820.747119
1388541820.749071
1388541820.751988
1388541820.755038
1388541820.758659
1388541820.761671
1388541820.763744
1388541820.765706
1388541820.768057
1388541820.770042
1388541820.772076
1388541820.774435
1388541820.776485
1388541820.778381
1388541820.780494
1388541820.783430
1388541820.786042
1388541820.789509
1388541820.792626
1388541820.794626
1388541820.796620
1388541820.798599
1388541820.801127
1388541820.803468
1388541820.805435
1388541820.807460
1388541820.809490
1388541820.811510
1388541820.815106
1388541820.817358
1388541820.821307
1388541820.824073
1388541820.826057
1388541820.828051
1388541820.830070
1388541820.832480
1388541820.835261
1388541820.837257
1388541820.839266
1388541820.841328
1388541820.843835
1388541820.846967
1388541820.850766
1388541820.853697
1388541820.855867
1388541820.857860
1388541820.859890
1388541820.861877
1388541820.863967
1388541820.866269
1388541820.868652
1388541820.870662
1388541820.872857
1388541820.876145
1388541820.878999
1388541820.883459
1388541820.885481
1388541820.887613
1388541820.889592
1388541820.891547
1388541820.893561
1388541820.895717
1388541820.897673
1388541820.900083
1388541820.902115
1388541820.906970
1388541820.909833
1388541820.914006
1388541820.916228
1388541820.918478
1388541820.920562
1388541820.922540
1388541820.924532
1388541820.926504
1388541820.928573
1388541820.930614
1388541820.932817
1388541820.936098
1388541820.939068
1388541820.943601
1388541820.946049
1388541820.948042
1388541820.950532
1388541820.952646
1388541820.954599
1388541820.956655
1388541820.958584
1388541820.960653
1388541820.962675
1388541820.964891
1388541820.968053
1388541820.970893
1388541820.975090
1388541820.977266
1388541820.979241
1388541820.981256
1388541820.983877
1388541820.985964
1388541820.987992
1388541820.989936
1388541820.991950
1388541820.993911
1388541820.996109
1388541821.000448
1388541821.004152
1388541821.007074
1388541821.009194
1388541821.011220
1388541821.013251
1388541821.015252
1388541821.017691
1388541821.019755
1388541821.021787
1388541821.023945
1388541821.026665
1388541821.029926
1388541821.033574
1388541821.036668
1388541821.038715
1388541821.040778
1388541821.042752
1388541821.044731
1388541821.046689
1388541821.049531
1388541821.051751
1388541821.053794
1388541821.055862
1388541821.058972
1388541821.061658
1388541821.065737
1388541821.068122
1388541821.070185
1388541821.072206
1388541821.074270
1388541821.076246
1388541821.078227
1388541821.080256
1388541821.082749
1388541821.084881
1388541821.086998
1388541821.090392
1388541821.093192
1388541821.097645
1388541821.100103
1388541821.102031
1388541821.104082
1388541821.105982
1388541821.108020
1388541821.110027
1388541821.111966
1388541821.113871
1388541821.115919
1388541821.118544
1388541821.121682
1388541821.124300
1388541821.128255
1388541821.130460
1388541821.132952
1388541821.135016
1388541821.137019
1388541821.138914
1388541821.140926
1388541821.142923
1388541821.144923
1388541821.146852
1388541821.148967
1388541821.152145
1388541821.154835
1388541821.159886
1388541821.162095
1388541821.164023
1388541821.166333
1388541821.168311
1388541821.170265
1388541821.172186
1388541821.174174
1388541821.176121
1388541821.178053
1388541821.180242
1388541821.183121
1388541821.186112
1388541821.190302
1388541821.192954
1388541821.195062
1388541821.197196
1388541821.199647
1388541821.202357
1388541821.204368
1388541821.206425
1388541821.208508
1388541821.210577
1388541821.215503
1388541821.219712
1388541821.222341
1388541821.224439
1388541821.226575
1388541821.228609
1388541821.230662
1388541821.233131
1388541821.235094
1388541821.237105
1388541821.239294
1388541821.242893
1388541821.245914
1388541821.249748
1388541821.253177
1388541821.255181
1388541821.257173
1388541821.259288
1388541821.261397
1388541821.263411
1388541821.265897
1388541821.268051
1388541821.270104
1388541821.272111
1388541821.274550
1388541821.277712
1388541821.281328
1388541821.284689
1388541821.287388
1388541821.289567
1388541821.291775
1388541821.293949
1388541821.296045
1388541821.298325
1388541821.300475
1388541821.302700
1388541821.307655
1388541821.310148
1388541821.314162
1388541821.316709
1388541821.318717
1388541821.320993
1388541821.323128
1388541821.325302
1388541821.357015
1388541821.361620
1388541821.365349
1388541821.371144
1388541821.373541
1388541821.375861
1388541821.378064
1388541821.382433
1388541821.385609
1388541821.387991
1388541821.390110
1388541821.392220
1388541821.394363
1388541821.396390
1388541821.401258
1388541821.404229
1388541821.409027
1388541821.411171
1388541821.413235
1388541821.415565
1388541821.417571
1388541821.419599
1388541821.421586
1388541821.423672
1388541821.425744
1388541821.427857
1388541821.431229
1388541821.433808
1388541821.438221
1388541821.440860
1388541821.442935
1388541821.445068
1388541821.448175
1388541821.450291
1388541821.452303
1388541821.454303
1388541821.456366
1388541821.458565
1388541821.461421
1388541821.464485
1388541821.468510
1388541821.471061
1388541821.473238
1388541821.475316
1388541821.477565
1388541821.479800
1388541821.482224
1388541821.484251
1388541821.487022
1388541821.489103
1388541821.492735
1388541821.495569
1388541821.499885
1388541821.502323
1388541821.505018
1388541821.508171
1388541821.510822
1388541821.513095
1388541821.515461
1388541821.517498
1388541821.519623
1388541821.521960
1388541821.524939
1388541821.527840
1388541821.531990
1388541821.534152
1388541821.536465
1388541821.538912
1388541821.541121
1388541821.543232
1388541821.545285
1388541821.548054
1388541821.550208
1388541821.552616
1388541821.555815
1388541821.559655
1388541821.562938
1388541821.565590
1388541821.567702
1388541821.569835
1388541821.572063
1388541821.574192
1388541821.576303
1388541821.578402
1388541821.581169
1388541821.586379
1388541821.589316
1388541821.594162
1388541821.596418
1388541821.598839
1388541821.601250
1388541821.603308
1388541821.605399
1388541821.607488
1388541821.609598
1388541821.611809
1388541821.620089
1388541821.623526
1388541821.625820
1388541821.628301
1388541821.631656
1388541821.634050
1388541821.637834
1388541821.640591
1388541821.642803
1388541821.648038
1388541821.650329
1388541821.652968
1388541821.657375
1388541821.659542
1388541821.661644
1388541821.664373
1388541821.666750
1388541821.668965
1388541821.671041
1388541821.673109
1388541821.678427
1388541821.682612
1388541821.685494
1388541821.687761
1388541821.689798
1388541821.691941
1388541821.694052
1388541821.696511
1388541821.698720
1388541821.700885
1388541821.703124
1388541821.705586
1388541821.709021
1388541821.713324
1388541821.716100
1388541821.718219
1388541821.720353
1388541821.722466
1388541821.724728
1388541821.727104
1388541821.729430
1388541821.731713
1388541821.733772
1388541821.736753
1388541821.740388
1388541821.744521
1388541821.747251
1388541821.750142
1388541821.752357
1388541821.754511
1388541821.756673
1388541821.758718
1388541821.760833
1388541821.763431
1388541821.765593
1388541821.768538
1388541821.771768
1388541821.776553
1388541821.779653
1388541821.781856
1388541821.783969
1388541821.786128
1388541821.788413
1388541821.790500
1388541821.793260
1388541821.795507
1388541821.800566
1388541821.803271
1388541821.808117
1388541821.810379
1388541821.812964
1388541821.815225
1388541821.817457
1388541821.819619
1388541821.821732
1388541821.823788
1388541821.825875
1388541821.830956
1388541821.833650
1388541821.838628
1388541821.841516
1388541821.843668
1388541821.846150
1388541821.848411
1388541821.850623
1388541821.852942
1388541821.855033
1388541821.857203
1388541821.860044
1388541821.863537
1388541821.868451
1388541821.871313
1388541821.873467
1388541821.875617
1388541821.877739
1388541821.880326
1388541821.883389
1388541821.885587
1388541821.887760
1388541821.890361
1388541821.893541
1388541821.898142
1388541821.901471
1388541821.903648
1388541821.905800
1388541821.908051
1388541821.910239
1388541821.912771
1388541821.915035
1388541821.917355
1388541821.919725
1388541821.924370
1388541821.929229
1388541821.933040
1388541821.935110
1388541821.937274
1388541821.939411
1388541821.941491
1388541821.943595
1388541821.946322
1388541821.948541
1388541821.950638
1388541821.955456
1388541821.958779
1388541821.962501
1388541821.964658
1388541821.966816
1388541821.968909
1388541821.971670
1388541821.973783
1388541821.976033
1388541821.978411
1388541821.980724
1388541821.983046
1388541821.986582
1388541821.989620
1388541821.994120
1388541821.996692
1388541821.998783
1388541822.000983
1388541822.003157
1388541822.005353
1388541822.007562
1388541822.009652
1388541822.012782
1388541822.017794
1388541822.021161
1388541822.024909
1388541822.027949
1388541822.030394
1388541822.032493
1388541822.034541
1388541822.037147
1388541822.039541
1388541822.041638
1388541822.044641
1388541822.049020
1388541822.053121
1388541822.055999
1388541822.058070
1388541822.060388
1388541822.062948
1388541822.065060
1388541822.067078
1388541822.069983
1388541822.072099
1388541822.074203
1388541822.076827
1388541822.079696
1388541822.083847
1388541822.086412
1388541822.088505
1388541822.090560
1388541822.092605
1388541822.094988
1388541822.097118
1388541822.099095
1388541822.101400
1388541822.103504
1388541822.106191
1388541822.109348
1388541822.113197
1388541822.117301
1388541822.119535
1388541822.121647
1388541822.123710
1388541822.125819
1388541822.128523
1388541822.130640
1388541822.132744
1388541822.134880
1388541822.137959
1388541822.140798
1388541822.144895
1388541822.147940
1388541822.150097
1388541822.152200
1388541822.154330
1388541822.157112
1388541822.159216
1388541822.162662
1388541822.164810
1388541822.167429
1388541822.170522
1388541822.174047
1388541822.177526
1388541822.179759
1388541822.181920
1388541822.184184
1388541822.186266
1388541822.188467
1388541822.190629
1388541822.192811
1388541822.195291
1388541822.198161
1388541822.202170
1388541822.206047
1388541822.209175
1388541822.211884
1388541822.214036
1388541822.216237
1388541822.218426
1388541822.220657
1388541822.222829
1388541822.225148
1388541822.228058
1388541822.231544
1388541822.235136
1388541822.238913
1388541822.241059
1388541822.243264
1388541822.245812
1388541822.248664
1388541822.250810
1388541822.253017
1388541822.255151
1388541822.260133
1388541822.263561
1388541822.267438
1388541822.269564
1388541822.271722
1388541822.273865
1388541822.275992
1388541822.278537
1388541822.280650
1388541822.282850
1388541822.285178
1388541822.287644
1388541822.290690
1388541822.295791
1388541822.298573
1388541822.300697
1388541822.302952
1388541822.305158
1388541822.307513
1388541822.309757
1388541822.312268
1388541822.314309
1388541822.316470
1388541822.321353
1388541822.325940
1388541822.328663
1388541822.330842
1388541822.333544
1388541822.335805
1388541822.338495
1388541822.340554
1388541822.342749
1388541822.345265
1388541822.347355
1388541822.350975
1388541822.353784
1388541822.357892
1388541822.361027
1388541822.363108
1388541822.365301
1388541822.367555
1388541822.369772
1388541822.371941
1388541822.374005
1388541822.376099
1388541822.378332
1388541822.382206
1388541822.384976
1388541822.389033
1388541822.391539
1388541822.394138
1388541822.396454
1388541822.398563
1388541822.400692
1388541822.402813
1388541822.404967
1388541822.407045
1388541822.409399
1388541822.412658
1388541822.416762
1388541822.420872
1388541822.422960
1388541822.425874
1388541822.428284
1388541822.430307
1388541822.432449
1388541822.434702
1388541822.436884
1388541822.439117
1388541822.441970
1388541822.445271
1388541822.448880
1388541822.452086
1388541822.454264
1388541822.456551
1388541822.458819
1388541822.461852
1388541822.464110
1388541822.466202
1388541822.468894
1388541822.470988
1388541822.474903
1388541822.477645
1388541822.481934
1388541822.484136
1388541822.486254
1388541822.488415
1388541822.490701
1388541822.493251
1388541822.495405
1388541822.497601
1388541822.499759
1388541822.502315
1388541822.505968
1388541822.508931
1388541822.513416
1388541822.515670
1388541822.518649
1388541822.521043
1388541822.523675
1388541822.529548
1388541822.532090
1388541822.534951
1388541822.538322
1388541822.542705
1388541822.545488
1388541822.547593
1388541822.549810
1388541822.551954
1388541822.554069
1388541822.556069
1388541822.558080
1388541822.560763
1388541822.562930
1388541822.565346
1388541822.569374
1388541822.574065
1388541822.576930
1388541822.579012
1388541822.581125
1388541822.583188
1388541822.585324
1388541822.587382
1388541822.589453
1388541822.591520
1388541822.593662
1388541822.596001
1388541822.598914
1388541822.602243
1388541822.605886
1388541822.607973
1388541822.610439
1388541822.613275
1388541822.615335
1388541822.617403
1388541822.619482
1388541822.621523
1388541822.623592
1388541822.625863
1388541822.629885
1388541822.633691
1388541822.637617
1388541822.639953
1388541822.642848
1388541822.645357
1388541822.647790
1388541822.650772
1388541822.653118
1388541822.655763
1388541822.659085
1388541822.662981
1388541822.667070
1388541822.669308
1388541822.671366
1388541822.673473
1388541822.675881
1388541822.679229
1388541822.682394
1388541822.684937
1388541822.687040
1388541822.692280
1388541822.695315
1388541822.699263
1388541822.701423
1388541822.703599
1388541822.705611
1388541822.707691
1388541822.710078
1388541822.712206
1388541822.714329
1388541822.716345
1388541822.718717
1388541822.722009
1388541822.725797
1388541822.729259
1388541822.731295
1388541822.733300
1388541822.763499
1388541822.765877
1388541822.767958
1388541822.770116
1388541822.772352
1388541822.774975
1388541822.777373
1388541822.779652
1388541822.782243
1388541822.785066
1388541822.789334
1388541822.792373
1388541822.794508
1388541822.796764
1388541822.798853
1388541822.801022
1388541822.803092
1388541822.805867
1388541822.807992
1388541822.810130
1388541822.814456
1388541822.817019
1388541822.821477
1388541822.823817
1388541822.826249
