1052
23
1388546111.007358
1388546111.030742
1388546111.061372
1388546111.067741
1388546111.089064
1388546111.092071
1388546111.095010
1388546111.097938
1388546111.101360
1388546111.115812
1388546111.119452
1388546111.122283
1388546111.125228
1388546111.128117
1388546111.131159
1388546111.134922
1388546111.145660
1388546111.148699
1388546111.152163
1388546111.155359
1388546111.167033
1388546111.171466
1388546111.177067
1388546111.180601
1388546111.183819
1388546111.187073
1388546111.190038
1388546111.193158
1388546111.197870
1388546111.202853
1388546111.208108
1388546111.211420
1388546111.214581
1388546111.217970
1388546111.221059
1388546111.224095
1388546111.227692
1388546111.232080
1388546111.237583
1388546111.250587
1388546111.253614
1388546111.258101
1388546111.262079
1388546111.265766
1388546111.270682
1388546111.273853
1388546111.276913
1388546111.279896
1388546111.282984
1388546111.285905
1388546111.292416
1388546111.297269
1388546111.301281
1388546111.304310
1388546111.307137
1388546111.310253
1388546111.313721
1388546111.316940
1388546111.321609
1388546111.326089
1388546111.330758
1388546111.334299
1388546111.337308
1388546111.340352
1388546111.343111
1388546111.356665
1388546111.362863
1388546111.366365
1388546111.369634
1388546111.372698
1388546111.375764
1388546111.378859
1388546111.384955
1388546111.390343
1388546111.393776
1388546111.396736
1388546111.399926
1388546111.402953
1388546111.405517
1388546111.408443
1388546111.412456
1388546111.416632
1388546111.422015
1388546111.425230
1388546111.428270
1388546111.431419
1388546111.434745
1388546111.437895
1388546111.441073
1388546111.445458
1388546111.449642
1388546111.454670
1388546111.457757
1388546111.460893
1388546111.464438
1388546111.468142
1388546111.471470
1388546111.475670
1388546111.479661
1388546111.485284
1388546111.488610
1388546111.491701
1388546111.494788
1388546111.498076
1388546111.501503
1388546111.505378
1388546111.509436
1388546111.515097
1388546111.522164
1388546111.529503
1388546111.532993
1388546111.539446
1388546111.545056
1388546111.548500
1388546111.555423
1388546111.558458
1388546111.561686
1388546111.576917
1388546111.583744
1388546111.587135
1388546111.590137
1388546111.593137
1388546111.596085
1388546111.602463
1388546111.608284
1388546111.611627
1388546111.624284
1388546111.627453
1388546111.632739
1388546111.638204
1388546111.641457
1388546111.644654
1388546111.648111
1388546111.651603
1388546111.655111
1388546111.658503
1388546111.663836
1388546111.667750
1388546111.673355
1388546111.676446
1388546111.679502
1388546111.683459
1388546111.686611
1388546111.693091
1388546111.698396
1388546111.702181
1388546111.708169
1388546111.711241
1388546111.714718
1388546111.717832
1388546111.724558
1388546111.729840
1388546111.733481
1388546111.736730
1388546111.739678
1388546111.743145
1388546111.746385
1388546111.749697
1388546111.753836
1388546111.758110
1388546111.762546
1388546111.772517
1388546111.775654
1388546111.778741
1388546111.782885
1388546111.786967
1388546111.796943
1388546111.800339
1388546111.803533
1388546111.817454
1388546111.823467
1388546111.826636
1388546111.829849
1388546111.833258
1388546111.836266
1388546111.839267
1388546111.842478
1388546111.846333
1388546111.851910
1388546111.855951
1388546111.858858
1388546111.862057
1388546111.865588
1388546111.868867
1388546111.872126
1388546111.877298
1388546111.883179
1388546111.886316
1388546111.889301
1388546111.892100
1388546111.894946
1388546111.898465
1388546111.902063
1388546111.906030
1388546111.910167
1388546111.915845
1388546111.918744
1388546111.921796
1388546111.924569
1388546111.927488
1388546111.930183
1388546111.933361
1388546111.937292
1388546111.941632
1388546111.946688
1388546111.949600
1388546111.952369
1388546111.955017
1388546111.957513
1388546111.960163
1388546111.963110
1388546111.966730
1388546111.970537
1388546111.976070
1388546111.979103
1388546111.982556
1388546111.985189
1388546111.987997
1388546111.990773
1388546111.993606
1388546111.996816
1388546112.001346
1388546112.006498
1388546112.009270
1388546112.011468
1388546112.014293
1388546112.016932
1388546112.019847
1388546112.030826
1388546112.037675
1388546112.040531
1388546112.043095
1388546112.045585
1388546112.048577
1388546112.051359
1388546112.054055
1388546112.056583
1388546112.060405
1388546112.066158
1388546112.069575
1388546112.072396
1388546112.075137
1388546112.077882
1388546112.081027
1388546112.085258
1388546112.088267
1388546112.094432
1388546112.099801
1388546112.102707
1388546112.105539
1388546112.108273
1388546112.110942
1388546112.114031
1388546112.117130
1388546112.120718
1388546112.125165
1388546112.130735
1388546112.133634
1388546112.136418
1388546112.139109
1388546112.141936
1388546112.144817
1388546112.147775
1388546112.150535
1388546112.153960
1388546112.158587
1388546112.161950
1388546112.164751
1388546112.167432
1388546112.169947
1388546112.172662
1388546112.175449
1388546112.178046
1388546112.181184
1388546112.184894
1388546112.190200
1388546112.193125
1388546112.196157
1388546112.198920
1388546112.201613
1388546112.204144
1388546112.206769
1388546112.209553
1388546112.212830
1388546112.217090
1388546112.222255
1388546112.226586
1388546112.229876
1388546112.232461
1388546112.235167
1388546112.237856
1388546112.240758
1388546112.246619
1388546112.251802
1388546112.254586
1388546112.257347
1388546112.259943
1388546112.262862
1388546112.265807
1388546112.268535
1388546112.271054
1388546112.274150
1388546112.277994
1388546112.283242
1388546112.285937
1388546112.288799
1388546112.291421
1388546112.294034
1388546112.296927
1388546112.299585
1388546112.302320
1388546112.305403
1388546112.309073
1388546112.314934
1388546112.317842
1388546112.320624
1388546112.323287
1388546112.325888
1388546112.328945
1388546112.332017
1388546112.335326
1388546112.340478
1388546112.346036
1388546112.348811
1388546112.351590
1388546112.354370
1388546112.356995
1388546112.359495
1388546112.362346
1388546112.365345
1388546112.368980
1388546112.374777
1388546112.377606
1388546112.380350
1388546112.383198
1388546112.385932
1388546112.388488
1388546112.391034
1388546112.393703
1388546112.397321
1388546112.401179
1388546112.406225
1388546112.409101
1388546112.412048
1388546112.414568
1388546112.417050
1388546112.419638
1388546112.422198
1388546112.424768
1388546112.428763
1388546112.431992
1388546112.437069
1388546112.439794
1388546112.442382
1388546112.445199
1388546112.447911
1388546112.450474
1388546112.453001
1388546112.455763
1388546112.458999
1388546112.462841
1388546112.468287
1388546112.471113
1388546112.473790
1388546112.476384
1388546112.479247
1388546112.481871
1388546112.484405
1388546112.487069
1388546112.493168
1388546112.497656
1388546112.501065
1388546112.503775
1388546112.506461
1388546112.509157
1388546112.512343
1388546112.515065
1388546112.517948
1388546112.521833
1388546112.525096
1388546112.529947
1388546112.532582
1388546112.535030
1388546112.537538
1388546112.539885
1388546112.542388
1388546112.545081
1388546112.547685
1388546112.550278
1388546112.553961
1388546112.560878
1388546112.563564
1388546112.566160
1388546112.568792
1388546112.571348
1388546112.573786
1388546112.576470
1388546112.579359
1388546112.584462
1388546112.589709
1388546112.592416
1388546112.595174
1388546112.597678
1388546112.600270
1388546112.602793
1388546112.605247
1388546112.607828
1388546112.610385
1388546112.614158
1388546112.617940
1388546112.622758
1388546112.625488
1388546112.628309
1388546112.630951
1388546112.633561
1388546112.636048
1388546112.638685
1388546112.641263
1388546112.645094
1388546112.648252
1388546112.653435
1388546112.655938
1388546112.658522
1388546112.661296
1388546112.664114
1388546112.666633
1388546112.669092
1388546112.671558
1388546112.674349
1388546112.678807
1388546112.683914
1388546112.686485
1388546112.688900
1388546112.691349
1388546112.694145
1388546112.696843
1388546112.699444
1388546112.702155
1388546112.705691
1388546112.709560
1388546112.714217
1388546112.717490
1388546112.719951
1388546112.722362
1388546112.724864
1388546112.727747
1388546112.730218
1388546112.732832
1388546112.737225
1388546112.740822
1388546112.745527
1388546112.748044
1388546112.750491
1388546112.753020
1388546112.755618
1388546112.758389
1388546112.761114
1388546112.763622
1388546112.769303
1388546112.772502
1388546112.777541
1388546112.780111
1388546112.782547
1388546112.784968
1388546112.787423
1388546112.789866
1388546112.792312
1388546112.794945
1388546112.798169
1388546112.801112
1388546112.806130
1388546112.808986
1388546112.811744
1388546112.814158
1388546112.816780
1388546112.819346
1388546112.821784
1388546112.824229
1388546112.828824
1388546112.832083
1388546112.837209
1388546112.840042
1388546112.842691
1388546112.845343
1388546112.847825
1388546112.850332
1388546112.852862
1388546112.855380
1388546112.858181
1388546112.862815
1388546112.868526
1388546112.871317
1388546112.873999
1388546112.876808
1388546112.879440
1388546112.881968
1388546112.884521
1388546112.886841
1388546112.890114
1388546112.893348
1388546112.898624
1388546112.901167
1388546112.903749
1388546112.906015
1388546112.908509
1388546112.911381
1388546112.914354
1388546112.916838
1388546112.919813
1388546112.923082
1388546112.928745
1388546112.931384
1388546112.933917
1388546112.936349
1388546112.938866
1388546112.941277
1388546112.944229
1388546112.946862
1388546112.949846
1388546112.953427
1388546112.958128
1388546112.962013
1388546112.964781
1388546112.967422
1388546112.969956
1388546112.972613
1388546112.975479
1388546112.978173
1388546112.981542
1388546112.985071
1388546112.989656
1388546112.993028
1388546112.995448
1388546112.998225
1388546113.000872
1388546113.003692
1388546113.006371
1388546113.009262
1388546113.015531
1388546113.031336
1388546113.034221
1388546113.036729
1388546113.039622
1388546113.042784
1388546113.046618
1388546113.052244
1388546113.055209
1388546113.057452
1388546113.060161
1388546113.062457
1388546113.076183
1388546113.079480
1388546113.084590
1388546113.087293
1388546113.089992
1388546113.092998
1388546113.095529
1388546113.098024
1388546113.100651
1388546113.105642
1388546113.116540
1388546113.119540
1388546113.122051
1388546113.125027
1388546113.127769
1388546113.130331
1388546113.133055
1388546113.136940
1388546113.139871
1388546113.146189
1388546113.148987
1388546113.151766
1388546113.154319
1388546113.156789
1388546113.159587
1388546113.162105
1388546113.167215
1388546113.171070
1388546113.175545
1388546113.178336
1388546113.181005
1388546113.183645
1388546113.186095
1388546113.188493
1388546113.191277
1388546113.194336
1388546113.197967
1388546113.201461
1388546113.206019
1388546113.208797
1388546113.211302
1388546113.214483
1388546113.217129
1388546113.219719
1388546113.222222
1388546113.226635
1388546113.231713
1388546113.238020
1388546113.241309
1388546113.243952
1388546113.246585
1388546113.248861
1388546113.251212
1388546113.253843
1388546113.257358
1388546113.261514
1388546113.266448
1388546113.268869
1388546113.271278
1388546113.273556
1388546113.276401
1388546113.278745
1388546113.280940
1388546113.283204
1388546113.286012
1388546113.289688
1388546113.292919
1388546113.297613
1388546113.300253
1388546113.302640
1388546113.305175
1388546113.308026
1388546113.310498
1388546113.313061
1388546113.315633
1388546113.318751
1388546113.322356
1388546113.325402
1388546113.330076
1388546113.332645
1388546113.335059
1388546113.337403
1388546113.339596
1388546113.342367
1388546113.344698
1388546113.347636
1388546113.353049
1388546113.357355
1388546113.360504
1388546113.362944
1388546113.365299
1388546113.367558
1388546113.369727
1388546113.371984
1388546113.374573
1388546113.377230
1388546113.381665
1388546113.384801
1388546113.389550
1388546113.392402
1388546113.395133
1388546113.397602
1388546113.406530
1388546113.409387
1388546113.412967
1388546113.417728
1388546113.421045
1388546113.423621
1388546113.426036
1388546113.428522
1388546113.431026
1388546113.433723
1388546113.436645
1388546113.439309
1388546113.442863
1388546113.447508
1388546113.452616
1388546113.455256
1388546113.457986
1388546113.460469
1388546113.463051
1388546113.465341
1388546113.467778
1388546113.469975
1388546113.473160
1388546113.477272
1388546113.480297
1388546113.484880
1388546113.487390
1388546113.489815
1388546113.492464
1388546113.494779
1388546113.496967
1388546113.499331
1388546113.501770
1388546113.505507
1388546113.509161
1388546113.513581
1388546113.516127
1388546113.518388
1388546113.520794
1388546113.523473
1388546113.525668
1388546113.527901
1388546113.530176
1388546113.532595
1388546113.538167
1388546113.543506
1388546113.546105
1388546113.548413
1388546113.550760
1388546113.553034
1388546113.555294
1388546113.558075
1388546113.560598
1388546113.563008
1388546113.567872
1388546113.570271
1388546113.575270
1388546113.577820
1388546113.580441
1388546113.583418
1388546113.586011
1388546113.588533
1388546113.591135
1388546113.593382
1388546113.596313
1388546113.599819
1388546113.603243
1388546113.607531
1388546113.609934
1388546113.612382
1388546113.614881
1388546113.617569
1388546113.620563
1388546113.623284
1388546113.625969
1388546113.630908
1388546113.635173
1388546113.638806
1388546113.641714
1388546113.644081
1388546113.646551
1388546113.649414
1388546113.651974
1388546113.654428
1388546113.660706
1388546113.664990
1388546113.668768
1388546113.671205
1388546113.673775
1388546113.676051
1388546113.678048
1388546113.680342
1388546113.682471
1388546113.684510
1388546113.686546
1388546113.689275
1388546113.693057
1388546113.698338
1388546113.701074
1388546113.703534
1388546113.706310
1388546113.708684
1388546113.711119
1388546113.713746
1388546113.716034
1388546113.718158
1388546113.723328
1388546113.727659
1388546113.731223
1388546113.733760
1388546113.736063
1388546113.738483
1388546113.741148
1388546113.743488
1388546113.745865
1388546113.748187
1388546113.750925
1388546113.754448
1388546113.759763
1388546113.762470
1388546113.764871
1388546113.767236
1388546113.769588
1388546113.772113
1388546113.774716
1388546113.777270
1388546113.779829
1388546113.783477
1388546113.786471
1388546113.791259
1388546113.794079
1388546113.796499
1388546113.798881
1388546113.801438
1388546113.804127
1388546113.807967
1388546113.810443
1388546113.814029
1388546113.817351
1388546113.822215
1388546113.824927
1388546113.827440
1388546113.829895
1388546113.832523
1388546113.835251
1388546113.838408
1388546113.841162
1388546113.844917
1388546113.848029
1388546113.852414
1388546113.855241
1388546113.858066
1388546113.860721
1388546113.863409
1388546113.865897
1388546113.868429
1388546113.871425
1388546113.875454
1388546113.878503
1388546113.883575
1388546113.886046
1388546113.888865
1388546113.891453
1388546113.893937
1388546113.896508
1388546113.898887
1388546113.901416
1388546113.904614
1388546113.908891
1388546113.914327
1388546113.916970
1388546113.919557
1388546113.922350
1388546113.924886
1388546113.927348
1388546113.929646
1388546113.932155
1388546113.937319
1388546113.940968
1388546113.945875
1388546113.948435
1388546113.950861
1388546113.953368
1388546113.956095
1388546113.958782
1388546113.961327
1388546113.963721
1388546113.969137
1388546113.974084
1388546113.976897
1388546113.979620
1388546113.982132
1388546113.984640
1388546113.987037
1388546113.989936
1388546113.992366
1388546113.994669
1388546113.998198
1388546114.002301
1388546114.006364
1388546114.009508
1388546114.011861
1388546114.014304
1388546114.016751
1388546114.018999
1388546114.021605
1388546114.024091
1388546114.027326
1388546114.031298
1388546114.036041
1388546114.039025
1388546114.041518
1388546114.043842
1388546114.046034
1388546114.048389
1388546114.051032
1388546114.053423
1388546114.055913
1388546114.060195
1388546114.064517
1388546114.068656
1388546114.071599
1388546114.074390
1388546114.077022
1388546114.079676
1388546114.082282
1388546114.084803
1388546114.088745
1388546114.092470
1388546114.096869
1388546114.101073
1388546114.103942
1388546114.106554
1388546114.109167
1388546114.111697
1388546114.114045
1388546114.116978
1388546114.120602
1388546114.124076
1388546114.129648
1388546114.132306
1388546114.134705
1388546114.137752
1388546114.140472
1388546114.143019
1388546114.145612
1388546114.148393
1388546114.153141
1388546114.156721
1388546114.161886
1388546114.164408
1388546114.166826
1388546114.169273
1388546114.171904
1388546114.174314
1388546114.176726
1388546114.178988
1388546114.182439
1388546114.186439
1388546114.190776
1388546114.193391
1388546114.195900
1388546114.198394
1388546114.200874
1388546114.203724
1388546114.206407
1388546114.209019
1388546114.213195
1388546114.217071
1388546114.220728
1388546114.223270
1388546114.225919
1388546114.228609
1388546114.231109
1388546114.233786
1388546114.236727
1388546114.239329
1388546114.242276
1388546114.245836
1388546114.251016
1388546114.253904
1388546114.256553
1388546114.259188
1388546114.261781
1388546114.264308
1388546114.266822
1388546114.269410
1388546114.273064
1388546114.277319
1388546114.282780
1388546114.285742
1388546114.288985
1388546114.291580
1388546114.294182
1388546114.296639
1388546114.299115
1388546114.302021
1388546114.315799
1388546114.318599
1388546114.321542
1388546114.324059
1388546114.326548
1388546114.329181
1388546114.331997
1388546114.337921
1388546114.341257
1388546114.346057
1388546114.348781
1388546114.351257
1388546114.354019
1388546114.356503
1388546114.359005
1388546114.361556
1388546114.365176
1388546114.368728
1388546114.373587
1388546114.377147
1388546114.379648
1388546114.382335
1388546114.384998
1388546114.387660
1388546114.390141
1388546114.392653
1388546114.398327
1388546114.401358
1388546114.405485
1388546114.408987
1388546114.411420
1388546114.414060
1388546114.416411
1388546114.418906
1388546114.421546
1388546114.424078
1388546114.427001
1388546114.430445
1388546114.435773
1388546114.438378
1388546114.440936
1388546114.443447
1388546114.445950
1388546114.450265
1388546114.460134
1388546114.465015
1388546114.468831
1388546114.471646
1388546114.474475
1388546114.477530
1388546114.480922
1388546114.485596
1388546114.489174
1388546114.493468
1388546114.500319
1388546114.503999
1388546114.507687
1388546114.511394
1388546114.515171
1388546114.532257
1388546114.540063
1388546114.546071
1388546114.554477
1388546114.559769
1388546114.565454
1388546114.568690
1388546114.571542
1388546114.574174
1388546114.576823
1388546114.579074
1388546114.582050
1388546114.586735
1388546114.592183
1388546114.595054
1388546114.597530
1388546114.600086
1388546114.602659
1388546114.604943
1388546114.607198
1388546114.609551
1388546114.611812
1388546114.615714
1388546114.618760
1388546114.622987
1388546114.625948
1388546114.629168
1388546114.632577
1388546114.636393
1388546114.639805
1388546114.643821
1388546114.647610
1388546114.651097
1388546114.656072
1388546114.658401
1388546114.660721
1388546114.662910
1388546114.665559
1388546114.668133
1388546114.670518
1388546114.672820
1388546114.676638
1388546114.681113
1388546114.685674
1388546114.688087
