--------------------------------
Statistics for fault 1:
Tests which expose this fault: 
	1 6 8 14 16 27 28 30 32 34 
	35 36 41 42 43 52 54 57 58 64 
	65 66 68 70 71 74 77 78 79 80 
	81 83 89 96 97 100 101 102 103 105 
	107 109 114 116 117 122 123 124 125 126 
	128 129 131 134 136 138 142 143 164 166 
	169 170 176 178 183 185 188 189 190 196 
	198 199 200 207 211 216 217 220 221 222 
	227 230 231 232 233 289 424 426 427 428 
	429 430 431 441 460 470 489 546 860 880 
	886 888 889 895 898 907 908 909 910 911 
	912 913 915 920 921 927 947 948 949 950 
	951 955 956 957 958 959 960 968 969 972 
	978 984 988 992 995 999 1005 1006 1007 1008 
	1009 1010 1011 1012 1014 1015 1016 1017 1018 1019 
	1037 1042 1044 1046 1047 1048 1049 1050 
Percentage of tests which expose this fault is 15.01901 %
--------------------------------
Statistics for fault 2:
Tests which expose this fault: 
	52 71 114 125 139 141 208 888 945 977 
Percentage of tests which expose this fault is 0.95057 %
--------------------------------
Statistics for fault 3:
Tests which expose this fault: 
	604 617 649 
Percentage of tests which expose this fault is 0.28517 %
--------------------------------
Statistics for fault 4:
Tests which expose this fault: 
	12 26 32 45 55 86 96 115 132 138 
	152 166 177 183 215 859 861 866 873 874 
	878 881 887 890 893 894 900 902 940 941 
	942 966 988 
Percentage of tests which expose this fault is 3.13688 %
--------------------------------
Statistics for fault 5:
Tests which expose this fault: 
	2 13 26 63 79 112 117 130 162 170 
	176 178 186 190 195 197 203 211 215 547 
	858 860 876 877 895 902 944 953 988 
Percentage of tests which expose this fault is 2.75665 %
--------------------------------
Statistics for fault 6:
Tests which expose this fault: 
	26 55 68 69 75 77 102 132 139 145 
	149 177 193 620 625 631 652 692 708 772 
	813 814 838 859 861 866 869 873 878 881 
	887 890 893 894 900 902 940 941 942 966 
	975 977 983 1017 1039 1040 
Percentage of tests which expose this fault is 4.37262 %
--------------------------------
Statistics for fault 7:
Tests which expose this fault: 
	5 8 40 41 45 55 60 112 132 135 
	146 167 174 177 180 192 196 215 217 435 
	446 447 455 456 857 858 859 861 862 863 
	864 866 867 868 869 870 871 872 873 876 
	878 879 881 882 883 885 887 890 893 894 
	895 896 897 898 899 900 901 902 906 907 
	910 911 912 913 914 915 917 918 919 920 
	922 923 924 925 927 928 929 930 931 932 
	933 934 935 936 937 939 940 941 942 943 
	944 946 947 964 965 966 991 992 993 994 
	995 996 997 998 999 1000 1001 1002 1003 1004 
	1013 1024 1026 1027 1028 1029 1030 1040 1041 1042 
	1043 1044 1045 
Percentage of tests which expose this fault is 11.69202 %
--------------------------------
Statistics for fault 8:
Tests which expose this fault: 
	1 2 4 5 6 11 12 13 15 19 
	20 22 23 24 27 28 29 33 35 38 
	45 46 49 50 53 54 55 56 59 60 
	62 63 65 67 70 73 75 76 79 82 
	83 87 88 90 94 95 97 98 99 100 
	103 104 106 110 113 115 117 118 119 120 
	122 124 125 126 128 129 130 131 132 133 
	134 135 142 156 161 162 166 167 168 170 
	171 172 174 176 177 178 180 181 186 190 
	191 192 195 198 200 201 202 203 204 207 
	210 211 212 213 214 215 217 229 288 290 
	443 444 445 452 453 454 459 491 492 493 
	494 538 547 857 859 860 861 862 863 864 
	865 866 868 870 873 874 875 878 879 880 
	881 882 883 885 887 888 889 890 892 893 
	894 900 902 903 911 918 919 921 928 930 
	940 941 942 943 944 948 949 953 956 958 
	964 965 966 970 974 981 984 987 993 996 
	999 1000 1004 1005 1019 1020 1021 1022 1023 1032 
	1033 1034 1035 1036 1037 1038 1039 1042 1051 
Percentage of tests which expose this fault is 18.91635 %
--------------------------------
Statistics for fault 9:
Tests which expose this fault: 
	2 13 26 63 79 112 117 130 162 170 
	176 178 186 190 195 197 203 211 215 222 
	547 858 860 867 871 872 876 877 895 899 
	902 920 933 944 953 972 988 
Percentage of tests which expose this fault is 3.51711 %
--------------------------------
Statistics for fault 10:
Tests which expose this fault: 
	20 103 117 118 134 999 1021 1042 
Percentage of tests which expose this fault is 0.76046 %
--------------------------------
Statistics for fault 11:
Tests which expose this fault: 
	1 2 4 5 6 11 12 13 15 19 
	20 22 23 24 27 28 29 33 35 38 
	45 46 49 50 53 54 55 56 59 60 
	62 63 65 67 70 73 75 76 79 82 
	83 87 88 90 94 95 97 98 99 100 
	103 104 106 110 113 115 117 118 119 120 
	122 124 125 126 128 129 130 131 132 133 
	134 135 142 156 161 162 166 167 168 170 
	171 172 174 176 177 178 180 181 186 190 
	191 192 195 198 200 201 202 203 204 207 
	210 211 212 213 214 215 217 222 229 243 
	263 288 290 303 342 362 381 421 443 444 
	445 452 453 454 459 491 492 493 494 538 
	547 857 859 860 861 862 863 864 865 866 
	868 870 873 874 875 878 879 880 881 882 
	883 885 887 888 889 890 892 893 894 900 
	902 903 911 918 919 921 928 930 940 941 
	942 943 944 948 949 953 956 958 964 965 
	966 970 972 974 981 984 987 993 996 999 
	1000 1004 1005 1019 1020 1021 1022 1023 1032 1033 
	1034 1035 1036 1037 1038 1039 1042 1051 
Percentage of tests which expose this fault is 19.77186 %
--------------------------------
Statistics for fault 12:
Tests which expose this fault: 
	13 28 55 75 100 104 129 132 161 176 
	177 178 186 200 213 859 861 866 873 878 
	881 887 889 890 893 894 900 902 940 941 
	942 966 996 
Percentage of tests which expose this fault is 3.13688 %
--------------------------------
Statistics for fault 13:
Tests which expose this fault: 
	5 8 40 41 45 55 103 112 117 132 
	134 146 167 174 177 180 192 196 215 217 
	222 292 442 446 447 451 455 456 458 857 
	858 859 861 862 863 864 865 866 867 868 
	869 870 871 872 873 876 878 879 881 882 
	885 887 890 893 894 895 896 897 898 899 
	900 901 902 906 907 910 911 912 913 914 
	915 917 918 919 920 922 923 924 925 927 
	928 929 930 931 932 933 934 935 937 939 
	940 941 942 943 944 947 964 965 966 972 
	988 991 992 993 994 995 996 997 998 999 
	1000 1001 1002 1003 1004 1013 1024 1026 1027 1028 
	1029 1030 1040 1041 1042 1043 1044 1045 
Percentage of tests which expose this fault is 12.16730 %
--------------------------------
Statistics for fault 14:
Tests which expose this fault: 
	604 617 
Percentage of tests which expose this fault is 0.19011 %
--------------------------------
Statistics for fault 15:
Tests which expose this fault: 
	1 2 4 5 6 11 12 13 15 19 
	20 22 23 24 27 28 29 33 35 38 
	45 46 49 50 53 54 55 56 59 60 
	62 63 65 67 70 73 75 76 79 82 
	83 87 88 90 94 95 97 98 99 100 
	103 104 106 110 113 115 117 118 119 120 
	122 124 125 126 128 129 130 131 132 133 
	134 135 142 156 161 162 166 167 168 170 
	171 172 174 176 177 178 180 181 186 190 
	191 192 195 198 200 201 202 203 204 207 
	210 211 212 213 214 215 217 222 229 243 
	263 288 290 303 342 362 381 421 443 444 
	445 452 453 454 459 491 492 493 494 538 
	547 857 859 860 861 862 863 864 865 866 
	868 870 873 874 875 878 879 880 881 882 
	883 885 887 888 889 890 892 893 894 900 
	902 903 911 918 919 921 928 930 940 941 
	942 943 944 948 949 953 956 958 964 965 
	966 970 972 974 981 984 987 993 996 999 
	1000 1004 1005 1019 1020 1021 1022 1023 1032 1033 
	1034 1035 1036 1037 1038 1039 1042 1051 
Percentage of tests which expose this fault is 19.77186 %
--------------------------------
Statistics for fault 16:
Tests which expose this fault: 
	5 8 29 30 40 41 45 55 103 112 
	117 125 132 134 146 167 174 177 180 192 
	196 215 217 222 243 263 292 303 342 362 
	381 421 442 446 447 451 455 456 458 857 
	858 859 861 862 863 864 865 866 867 868 
	869 870 871 872 873 876 878 879 881 882 
	885 887 888 890 893 894 895 896 897 898 
	899 900 901 902 906 907 910 911 912 913 
	914 915 917 918 919 920 922 923 924 925 
	927 928 929 930 931 932 933 934 935 937 
	939 940 941 942 943 944 947 964 965 966 
	972 988 991 992 993 994 995 996 997 998 
	999 1000 1001 1002 1003 1004 1005 1006 1007 1008 
	1009 1010 1011 1012 1013 1014 1015 1016 1017 1018 
	1019 1020 1022 1023 1024 1026 1027 1028 1029 1030 
	1032 1033 1034 1035 1036 1037 1038 1039 1040 1041 
	1042 1043 1044 1045 1046 1047 1048 1049 1050 1051 
Percentage of tests which expose this fault is 16.15970 %
--------------------------------
Statistics for fault 17:
Tests which expose this fault: 
	12 26 32 45 55 68 75 77 86 96 
	102 115 132 138 145 152 166 177 183 215 
	281 291 859 861 866 873 874 878 881 887 
	890 893 894 900 902 940 941 942 966 988 
	1001 1017 1039 1040 
Percentage of tests which expose this fault is 4.18251 %
--------------------------------
Statistics for fault 18:
Tests which expose this fault: 
	3 5 7 33 36 49 55 62 73 76 
	107 115 116 120 121 122 126 127 130 132 
	133 134 142 151 159 167 173 174 177 180 
	192 216 220 221 222 225 557 568 706 767 
	808 857 859 861 862 863 864 865 866 868 
	870 873 874 878 879 881 882 885 887 890 
	893 894 899 900 901 903 907 924 932 937 
	940 941 942 944 948 949 950 951 952 953 
	954 955 956 957 958 959 960 961 962 963 
	964 965 966 967 968 969 970 971 972 973 
	974 975 976 977 978 979 980 981 982 983 
	984 985 986 987 988 989 990 1018 1048 
Percentage of tests which expose this fault is 11.31179 %
--------------------------------
Statistics for fault 19:
Tests which expose this fault: 
	26 55 67 68 69 75 77 86 102 120 
	132 139 145 149 177 193 218 530 535 541 
	545 548 578 586 599 604 613 617 620 625 
	631 636 640 652 665 668 675 676 692 695 
	702 708 710 730 731 739 748 758 772 778 
	793 796 813 814 821 822 825 826 837 838 
	859 861 864 866 869 873 878 881 887 890 
	893 894 896 900 902 940 941 942 949 966 
	973 974 975 977 983 1017 1039 1040 1045 
Percentage of tests which expose this fault is 8.46008 %
--------------------------------
Statistics for fault 20:
Tests which expose this fault: 
	3 7 9 62 73 120 122 127 128 
	130 142 143 148 159 178 185 186 196 203 
	209 220 222 568 570 581 598 600 656 672 
	678 685 706 707 727 819 826 830 895 912 
	913 914 917 924 932 948 949 950 951 952 
	953 954 955 956 957 958 959 961 962 963 
	967 968 969 970 971 972 973 974 975 976 
	977 978 979 980 981 982 983 984 985 986 
	987 988 990 995 997 1036 1044 1048 
Percentage of tests which expose this fault is 8.36502 %
--------------------------------
Statistics for fault 21:
Tests which expose this fault: 
	5 10 37 39 55 119 132 153 167 174 
	175 177 179 180 192 540 542 544 551 556 
	558 565 572 582 586 589 593 606 608 611 
	614 625 626 630 631 636 640 641 644 646 
	650 657 665 668 670 676 681 688 696 700 
	705 714 717 724 733 741 752 755 761 768 
	776 778 779 780 782 787 790 797 798 800 
	812 814 820 828 844 846 852 855 856 857 
	859 861 862 863 864 865 866 868 869 870 
	873 878 879 881 882 884 885 887 890 891 
	893 894 896 919 925 936 940 942 943 964 
	965 966 975 1025 1031 
Percentage of tests which expose this fault is 10.93156 %
--------------------------------
Statistics for fault 22:
Tests which expose this fault: 
	112 446 447 455 456 858 867 869 871 872 
	876 895 896 928 929 930 931 932 933 934 
	935 939 998 
Percentage of tests which expose this fault is 2.18631 %
--------------------------------
Statistics for fault 23:
Tests which expose this fault: 
	5 12 26 32 45 55 67 68 75 77 
	86 96 102 115 132 138 145 152 166 167 
	174 177 180 183 192 215 275 281 291 326 
	341 857 859 861 862 863 864 865 866 868 
	870 871 873 874 878 879 881 882 885 887 
	890 893 894 900 902 919 938 940 941 942 
	943 944 964 965 966 988 990 1001 1017 1039 
	1040 
Percentage of tests which expose this fault is 6.74905 %

